Log file: C:\Users\admin\Documents\Robotics\Code\CourseraRobotics\2026-06-04_Capstone_Project\capstone_testA_trajectory_comparison_2026-06-10_17-46-17.log

Loaded robot CSV : capstone_testA_trajectory.csv
Rows             : 707
Building reference trajectory from FK of perfect_config ...
Reference trajectory : 707 rows

----------------------------------------------------------------------------------------------------------------------
 step       t                  p_actual (x,y,z)                     p_ref (x,y,z)   pos_err  rot_deg   |Xerr|  grip_A  grip_R
----------------------------------------------------------------------------------------------------------------------
    0   0.000  [+0.3868 +0.0000 +0.5702]  [+0.3868 +0.0000 +0.5702]    0.0000    0.000   0.0000       0       0
  step 0  T_actual:
    [   0.1700    0.0000    0.9854    0.3868 ]
    [   0.0000    1.0000    0.0000    0.0000 ]
    [  -0.9854    0.0000    0.1700    0.5702 ]
    [   0.0000    0.0000    0.0000    1.0000 ]
  step 0  T_ref:
    [   0.1700    0.0000    0.9854    0.3868 ]
    [   0.0000    1.0000    0.0000    0.0000 ]
    [  -0.9854    0.0000    0.1700    0.5702 ]
    [   0.0000    0.0000    0.0000    1.0000 ]
  step 0  Xerr: [+0.0000  +0.0000  +0.0000  -0.0000  +0.0000  +0.0000]  |Xerr|=0.0000
  step 1  T_actual:
    [   0.1700    0.0000    0.9855    0.3868 ]
    [   0.0000    1.0000    0.0000    0.0000 ]
    [  -0.9855    0.0000    0.1700    0.5702 ]
    [   0.0000    0.0000    0.0000    1.0000 ]
  step 1  T_ref:
    [   0.1700    0.0000    0.9855    0.3868 ]
    [   0.0000    1.0000    0.0000    0.0000 ]
    [  -0.9855    0.0000    0.1700    0.5702 ]
    [   0.0000    0.0000    0.0000    1.0000 ]
  step 1  Xerr: [+0.0000  -0.0000  +0.0000  -0.0000  +0.0000  -0.0000]  |Xerr|=0.0000
  step 2  T_actual:
    [   0.1699    0.0000    0.9855    0.3868 ]
    [   0.0000    1.0000    0.0000    0.0000 ]
    [  -0.9855    0.0000    0.1699    0.5702 ]
    [   0.0000    0.0000    0.0000    1.0000 ]
  step 2  T_ref:
    [   0.1699    0.0000    0.9855    0.3868 ]
    [   0.0000    1.0000    0.0000    0.0000 ]
    [  -0.9855    0.0000    0.1699    0.5702 ]
    [   0.0000    0.0000    0.0000    1.0000 ]
  step 2  Xerr: [+0.0000  +0.0000  +0.0000  +0.0000  +0.0000  +0.0000]  |Xerr|=0.0000
  step 3  T_actual:
    [   0.1699    0.0000    0.9855    0.3869 ]
    [   0.0000    1.0000    0.0000    0.0000 ]
    [  -0.9855    0.0000    0.1699    0.5702 ]
    [   0.0000    0.0000    0.0000    1.0000 ]
  step 3  T_ref:
    [   0.1699    0.0000    0.9855    0.3869 ]
    [   0.0000    1.0000    0.0000    0.0000 ]
    [  -0.9855    0.0000    0.1699    0.5702 ]
    [   0.0000    0.0000    0.0000    1.0000 ]
  step 3  Xerr: [+0.0000  -0.0000  +0.0000  -0.0000  +0.0000  -0.0000]  |Xerr|=0.0000
  step 4  T_actual:
    [   0.1698    0.0000    0.9855    0.3869 ]
    [   0.0000    1.0000    0.0000    0.0000 ]
    [  -0.9855    0.0000    0.1698    0.5702 ]
    [   0.0000    0.0000    0.0000    1.0000 ]
  step 4  T_ref:
    [   0.1698    0.0000    0.9855    0.3869 ]
    [   0.0000    1.0000    0.0000    0.0000 ]
    [  -0.9855    0.0000    0.1698    0.5702 ]
    [   0.0000    0.0000    0.0000    1.0000 ]
  step 4  Xerr: [+0.0000  -0.0000  +0.0000  -0.0000  +0.0000  -0.0000]  |Xerr|=0.0000
  step 5  T_actual:
    [   0.1696    0.0000    0.9855    0.3870 ]
    [   0.0000    1.0000    0.0000    0.0000 ]
    [  -0.9855    0.0000    0.1696    0.5703 ]
    [   0.0000    0.0000    0.0000    1.0000 ]
  step 5  T_ref:
    [   0.1696    0.0000    0.9855    0.3870 ]
    [   0.0000    1.0000    0.0000    0.0000 ]
    [  -0.9855    0.0000    0.1696    0.5703 ]
    [   0.0000    0.0000    0.0000    1.0000 ]
  step 5  Xerr: [+0.0000  +0.0000  +0.0000  -0.0000  +0.0000  -0.0000]  |Xerr|=0.0000
  step 6  T_actual:
    [   0.1693    0.0000    0.9856    0.3871 ]
    [   0.0000    1.0000    0.0000    0.0000 ]
    [  -0.9856    0.0000    0.1693    0.5703 ]
    [   0.0000    0.0000    0.0000    1.0000 ]
  step 6  T_ref:
    [   0.1693    0.0000    0.9856    0.3871 ]
    [   0.0000    1.0000    0.0000    0.0000 ]
    [  -0.9856    0.0000    0.1693    0.5703 ]
    [   0.0000    0.0000    0.0000    1.0000 ]
  step 6  Xerr: [+0.0000  +0.0000  +0.0000  -0.0000  +0.0000  +0.0000]  |Xerr|=0.0000
  step 7  T_actual:
    [   0.1689    0.0000    0.9856    0.3873 ]
    [   0.0000    1.0000    0.0000    0.0000 ]
    [  -0.9856    0.0000    0.1689    0.5703 ]
    [   0.0000    0.0000    0.0000    1.0000 ]
  step 7  T_ref:
    [   0.1689    0.0000    0.9856    0.3873 ]
    [   0.0000    1.0000    0.0000    0.0000 ]
    [  -0.9856    0.0000    0.1689    0.5703 ]
    [   0.0000    0.0000    0.0000    1.0000 ]
  step 7  Xerr: [+0.0000  -0.0000  +0.0000  -0.0000  +0.0000  +0.0000]  |Xerr|=0.0000
  step 8  T_actual:
    [   0.1684    0.0000    0.9857    0.3875 ]
    [   0.0000    1.0000    0.0000    0.0000 ]
    [  -0.9857    0.0000    0.1684    0.5704 ]
    [   0.0000    0.0000    0.0000    1.0000 ]
  step 8  T_ref:
    [   0.1684    0.0000    0.9857    0.3875 ]
    [   0.0000    1.0000    0.0000    0.0000 ]
    [  -0.9857    0.0000    0.1684    0.5704 ]
    [   0.0000    0.0000    0.0000    1.0000 ]
  step 8  Xerr: [+0.0000  +0.0000  +0.0000  -0.0000  +0.0000  +0.0000]  |Xerr|=0.0000
  step 9  T_actual:
    [   0.1678    0.0000    0.9858    0.3878 ]
    [   0.0000    1.0000    0.0000    0.0000 ]
    [  -0.9858    0.0000    0.1678    0.5705 ]
    [   0.0000    0.0000    0.0000    1.0000 ]
  step 9  T_ref:
    [   0.1678    0.0000    0.9858    0.3878 ]
    [   0.0000    1.0000    0.0000    0.0000 ]
    [  -0.9858    0.0000    0.1678    0.5705 ]
    [   0.0000    0.0000    0.0000    1.0000 ]
  step 9  Xerr: [+0.0000  -0.0000  +0.0000  -0.0000  +0.0000  +0.0000]  |Xerr|=0.0000
   10   0.100  [+0.3881 +0.0000 +0.5706]  [+0.3881 +0.0000 +0.5706]    0.0000    0.000   0.0000       0       0
  step 10  T_actual:
    [   0.1670    0.0000    0.9860    0.3881 ]
    [   0.0000    1.0000    0.0000    0.0000 ]
    [  -0.9860    0.0000    0.1670    0.5706 ]
    [   0.0000    0.0000    0.0000    1.0000 ]
  step 10  T_ref:
    [   0.1670    0.0000    0.9860    0.3881 ]
    [   0.0000    1.0000    0.0000    0.0000 ]
    [  -0.9860    0.0000    0.1670    0.5706 ]
    [   0.0000    0.0000    0.0000    1.0000 ]
  step 10  Xerr: [+0.0000  -0.0000  +0.0000  -0.0000  +0.0000  +0.0000]  |Xerr|=0.0000
  step 11  T_actual:
    [   0.1661    0.0000    0.9861    0.3886 ]
    [   0.0000    1.0000    0.0000    0.0000 ]
    [  -0.9861    0.0000    0.1661    0.5707 ]
    [   0.0000    0.0000    0.0000    1.0000 ]
  step 11  T_ref:
    [   0.1661    0.0000    0.9861    0.3886 ]
    [   0.0000    1.0000    0.0000    0.0000 ]
    [  -0.9861    0.0000    0.1661    0.5708 ]
    [   0.0000    0.0000    0.0000    1.0000 ]
  step 11  Xerr: [+0.0000  -0.0000  +0.0000  -0.0001  +0.0000  +0.0000]  |Xerr|=0.0001
  step 12  T_actual:
    [   0.1650    0.0000    0.9863    0.3891 ]
    [   0.0000    1.0000    0.0000    0.0000 ]
    [  -0.9863    0.0000    0.1650    0.5708 ]
    [   0.0000    0.0000    0.0000    1.0000 ]
  step 12  T_ref:
    [   0.1650    0.0000    0.9863    0.3891 ]
    [   0.0000    1.0000    0.0000    0.0000 ]
    [  -0.9863    0.0000    0.1650    0.5709 ]
    [   0.0000    0.0000    0.0000    1.0000 ]
  step 12  Xerr: [+0.0000  +0.0000  +0.0000  -0.0002  +0.0000  +0.0000]  |Xerr|=0.0002
  step 13  T_actual:
    [   0.1637    0.0000    0.9865    0.3897 ]
    [   0.0000    1.0000    0.0000    0.0000 ]
    [  -0.9865    0.0000    0.1637    0.5707 ]
    [   0.0000    0.0000    0.0000    1.0000 ]
  step 13  T_ref:
    [   0.1637    0.0000    0.9865    0.3897 ]
    [   0.0000    1.0000    0.0000    0.0000 ]
    [  -0.9865    0.0000    0.1637    0.5711 ]
    [   0.0000    0.0000    0.0000    1.0000 ]
  step 13  Xerr: [+0.0000  +0.0000  +0.0000  -0.0004  +0.0000  +0.0000]  |Xerr|=0.0004
  step 14  T_actual:
    [   0.1622    0.0000    0.9868    0.3904 ]
    [   0.0000    1.0000    0.0000    0.0000 ]
    [  -0.9868    0.0000    0.1622    0.5705 ]
    [   0.0000    0.0000    0.0000    1.0000 ]
  step 14  T_ref:
    [   0.1622    0.0000    0.9868    0.3903 ]
    [   0.0000    1.0000    0.0000    0.0000 ]
    [  -0.9868    0.0000    0.1622    0.5713 ]
    [   0.0000    0.0000    0.0000    1.0000 ]
  step 14  Xerr: [+0.0000  -0.0000  +0.0000  -0.0009  +0.0000  +0.0001]  |Xerr|=0.0009
  step 15  T_actual:
    [   0.1605    0.0000    0.9870    0.3912 ]
    [   0.0000    1.0000    0.0000    0.0000 ]
    [  -0.9870    0.0000    0.1605    0.5703 ]
    [   0.0000    0.0000    0.0000    1.0000 ]
  step 15  T_ref:
    [   0.1605    0.0000    0.9870    0.3911 ]
    [   0.0000    1.0000    0.0000    0.0000 ]
    [  -0.9870    0.0000    0.1605    0.5716 ]
    [   0.0000    0.0000    0.0000    1.0000 ]
  step 15  Xerr: [+0.0000  -0.0000  +0.0000  -0.0013  +0.0000  +0.0001]  |Xerr|=0.0013
  step 16  T_actual:
    [   0.1586    0.0000    0.9873    0.3921 ]
    [   0.0000    1.0000    0.0000    0.0000 ]
    [  -0.9873    0.0000    0.1586    0.5695 ]
    [   0.0000    0.0000    0.0000    1.0000 ]
  step 16  T_ref:
    [   0.1586    0.0000    0.9873    0.3920 ]
    [   0.0000    1.0000    0.0000    0.0000 ]
    [  -0.9873    0.0000    0.1586    0.5719 ]
    [   0.0000    0.0000    0.0000    1.0000 ]
  step 16  Xerr: [+0.0000  +0.0000  +0.0000  -0.0024  +0.0000  +0.0002]  |Xerr|=0.0024
  step 17  T_actual:
    [   0.1564    0.0000    0.9877    0.3931 ]
    [   0.0000    1.0000    0.0000    0.0000 ]
    [  -0.9877    0.0000    0.1564    0.5696 ]
    [   0.0000    0.0000    0.0000    1.0000 ]
  step 17  T_ref:
    [   0.1564    0.0000    0.9877    0.3930 ]
    [   0.0000    1.0000    0.0000    0.0000 ]
    [  -0.9877    0.0000    0.1564    0.5722 ]
    [   0.0000    0.0000    0.0000    1.0000 ]
  step 17  Xerr: [+0.0000  +0.0000  +0.0000  -0.0026  +0.0000  +0.0003]  |Xerr|=0.0026
  step 18  T_actual:
    [   0.1540    0.0000    0.9881    0.3942 ]
    [   0.0000    1.0000    0.0000    0.0000 ]
    [  -0.9881    0.0000    0.1540    0.5689 ]
    [   0.0000    0.0000    0.0000    1.0000 ]
  step 18  T_ref:
    [   0.1540    0.0000    0.9881    0.3940 ]
    [   0.0000    1.0000    0.0000    0.0000 ]
    [  -0.9881    0.0000    0.1540    0.5725 ]
    [   0.0000    0.0000    0.0000    1.0000 ]
  step 18  Xerr: [+0.0000  -0.0000  +0.0000  -0.0036  +0.0000  +0.0004]  |Xerr|=0.0036
  step 19  T_actual:
    [   0.1514    0.0000    0.9885    0.3954 ]
    [   0.0000    1.0000    0.0000    0.0000 ]
    [  -0.9885    0.0000    0.1514    0.5687 ]
    [   0.0000    0.0000    0.0000    1.0000 ]
  step 19  T_ref:
    [   0.1514    0.0000    0.9885    0.3952 ]
    [   0.0000    1.0000    0.0000    0.0000 ]
    [  -0.9885    0.0000    0.1514    0.5729 ]
    [   0.0000    0.0000    0.0000    1.0000 ]
  step 19  Xerr: [+0.0000  -0.0000  +0.0000  -0.0041  +0.0000  +0.0004]  |Xerr|=0.0042
   20   0.200  [+0.3966 +0.0000 +0.5578]  [+0.3966 +0.0000 +0.5733]    0.0155    0.000   0.0155       0       0
  step 20  T_actual:
    [   0.1485    0.0000    0.9889    0.3966 ]
    [   0.0000    1.0000    0.0000    0.0000 ]
    [  -0.9889    0.0000    0.1485    0.5578 ]
    [   0.0000    0.0000    0.0000    1.0000 ]
  step 20  T_ref:
    [   0.1485    0.0000    0.9889    0.3966 ]
    [   0.0000    1.0000    0.0000    0.0000 ]
    [  -0.9889    0.0000    0.1485    0.5733 ]
    [   0.0000    0.0000    0.0000    1.0000 ]
  step 20  Xerr: [+0.0000  +0.0000  +0.0000  -0.0154  +0.0000  +0.0023]  |Xerr|=0.0155
  step 21  T_actual:
    [   0.1453    0.0000    0.9894    0.3979 ]
    [   0.0000    1.0000    0.0000    0.0000 ]
    [  -0.9894    0.0000    0.1453    0.5582 ]
    [   0.0000    0.0000    0.0000    1.0000 ]
  step 21  T_ref:
    [   0.1453    0.0000    0.9894    0.3980 ]
    [   0.0000    1.0000    0.0000    0.0000 ]
    [  -0.9894    0.0000    0.1453    0.5737 ]
    [   0.0000    0.0000    0.0000    1.0000 ]
  step 21  Xerr: [+0.0000  -0.0000  +0.0000  -0.0154  +0.0000  +0.0023]  |Xerr|=0.0156
  step 22  T_actual:
    [   0.1419    0.0000    0.9899    0.3995 ]
    [   0.0000    1.0000    0.0000    0.0000 ]
    [  -0.9899    0.0000    0.1419    0.5586 ]
    [   0.0000    0.0000    0.0000    1.0000 ]
  step 22  T_ref:
    [   0.1419    0.0000    0.9899    0.3996 ]
    [   0.0000    1.0000    0.0000    0.0000 ]
    [  -0.9899    0.0000    0.1419    0.5742 ]
    [   0.0000    0.0000    0.0000    1.0000 ]
  step 22  Xerr: [+0.0000  +0.0000  +0.0000  -0.0154  +0.0000  +0.0023]  |Xerr|=0.0156
  step 23  T_actual:
    [   0.1382    0.0000    0.9904    0.4011 ]
    [   0.0000    1.0000    0.0000    0.0000 ]
    [  -0.9904    0.0000    0.1382    0.5591 ]
    [   0.0000    0.0000    0.0000    1.0000 ]
  step 23  T_ref:
    [   0.1382    0.0000    0.9904    0.4013 ]
    [   0.0000    1.0000    0.0000    0.0000 ]
    [  -0.9904    0.0000    0.1382    0.5747 ]
    [   0.0000    0.0000    0.0000    1.0000 ]
  step 23  Xerr: [+0.0000  +0.0000  +0.0000  -0.0155  +0.0000  +0.0023]  |Xerr|=0.0157
