Log file: C:\Users\admin\Documents\Robotics\Code\CourseraRobotics\2026-06-04_Capstone_Project\logs\capstone_testC_trajectory_comparison_2026-06-11_21-17-36.log

Loaded robot CSV : capstone_testC_trajectory.csv
Rows             : 707
Building reference trajectory from FK of perfect_config ...
Reference trajectory : 707 rows

----------------------------------------------------------------------------------------------------------------------
 step       t                  p_actual (x,y,z)                     p_ref (x,y,z)   pos_err  rot_deg   |Xerr|  grip_A  grip_R
----------------------------------------------------------------------------------------------------------------------
    0   0.000  [+0.4849 +0.1386 +0.5702]  [+0.3868 +0.0000 +0.5702]    0.1698    5.730   0.1971       0       0  *** HIGH ERROR
  step 0  T_actual:
    [   0.1691   -0.0998    0.9805    0.4849 ]
    [   0.0170    0.9950    0.0984    0.1386 ]
    [  -0.9854    0.0000    0.1700    0.5702 ]
    [   0.0000    0.0000    0.0000    1.0000 ]
  step 0  T_ref:
    [   0.1700    0.0000    0.9854    0.3868 ]
    [   0.0000    1.0000    0.0000    0.0000 ]
    [  -0.9854    0.0000    0.1700    0.5702 ]
    [   0.0000    0.0000    0.0000    1.0000 ]
  step 0  Xerr: [+0.0985  +0.0000  -0.0170  -0.0178  -0.1336  -0.1034]  |Xerr|=0.1971
    1   0.010  [+0.4831 +0.1358 +0.5702]  [+0.3868 +0.0000 +0.5702]    0.1664    5.615   0.1932       0       0  *** HIGH ERROR
  step 1  T_actual:
    [   0.1691   -0.0978    0.9807    0.4831 ]
    [   0.0166    0.9952    0.0964    0.1358 ]
    [  -0.9855    0.0000    0.1700    0.5702 ]
    [   0.0000    0.0000    0.0000    1.0000 ]
  step 1  T_ref:
    [   0.1700    0.0000    0.9855    0.3868 ]
    [   0.0000    1.0000    0.0000    0.0000 ]
    [  -0.9855    0.0000    0.1700    0.5702 ]
    [   0.0000    0.0000    0.0000    1.0000 ]
  step 1  Xerr: [+0.0966  -0.0000  -0.0167  -0.0175  -0.1309  -0.1013]  |Xerr|=0.1932
    2   0.020  [+0.4813 +0.1329 +0.5702]  [+0.3868 +0.0000 +0.5702]    0.1631    5.502   0.1893       0       0  *** HIGH ERROR
  step 2  T_actual:
    [   0.1692   -0.0959    0.9809    0.4813 ]
    [   0.0163    0.9954    0.0945    0.1329 ]
    [  -0.9855    0.0000    0.1699    0.5702 ]
    [   0.0000    0.0000    0.0000    1.0000 ]
  step 2  T_ref:
    [   0.1699    0.0000    0.9855    0.3868 ]
    [   0.0000    1.0000    0.0000    0.0000 ]
    [  -0.9855    0.0000    0.1699    0.5702 ]
    [   0.0000    0.0000    0.0000    1.0000 ]
  step 2  Xerr: [+0.0946  -0.0000  -0.0163  -0.0172  -0.1283  -0.0993]  |Xerr|=0.1893
    3   0.030  [+0.4795 +0.1302 +0.5702]  [+0.3869 +0.0000 +0.5702]    0.1598    5.392   0.1855       0       0  *** HIGH ERROR
  step 3  T_actual:
    [   0.1691   -0.0940    0.9811    0.4795 ]
    [   0.0160    0.9956    0.0926    0.1302 ]
    [  -0.9855    0.0000    0.1699    0.5702 ]
    [   0.0000    0.0000    0.0000    1.0000 ]
  step 3  T_ref:
    [   0.1699    0.0000    0.9855    0.3869 ]
    [   0.0000    1.0000    0.0000    0.0000 ]
    [  -0.9855    0.0000    0.1699    0.5702 ]
    [   0.0000    0.0000    0.0000    1.0000 ]
  step 3  Xerr: [+0.0927  -0.0000  -0.0160  -0.0168  -0.1257  -0.0973]  |Xerr|=0.1855
    4   0.040  [+0.4778 +0.1275 +0.5701]  [+0.3869 +0.0000 +0.5702]    0.1566    5.284   0.1818       0       0  *** HIGH ERROR
  step 4  T_actual:
    [   0.1690   -0.0921    0.9813    0.4778 ]
    [   0.0157    0.9958    0.0907    0.1275 ]
    [  -0.9855    0.0000    0.1698    0.5701 ]
    [   0.0000    0.0000    0.0000    1.0000 ]
  step 4  T_ref:
    [   0.1698    0.0000    0.9855    0.3869 ]
    [   0.0000    1.0000    0.0000    0.0000 ]
    [  -0.9855    0.0000    0.1698    0.5702 ]
    [   0.0000    0.0000    0.0000    1.0000 ]
  step 4  Xerr: [+0.0909  +0.0000  -0.0157  -0.0165  -0.1232  -0.0953]  |Xerr|=0.1818
    5   0.050  [+0.4762 +0.1248 +0.5701]  [+0.3870 +0.0000 +0.5703]    0.1535    5.177   0.1781       0       0  *** HIGH ERROR
  step 5  T_actual:
    [   0.1689   -0.0902    0.9815    0.4762 ]
    [   0.0153    0.9959    0.0889    0.1248 ]
    [  -0.9855    0.0000    0.1696    0.5701 ]
    [   0.0000    0.0000    0.0000    1.0000 ]
  step 5  T_ref:
    [   0.1696    0.0000    0.9855    0.3870 ]
    [   0.0000    1.0000    0.0000    0.0000 ]
    [  -0.9855    0.0000    0.1696    0.5703 ]
    [   0.0000    0.0000    0.0000    1.0000 ]
  step 5  Xerr: [+0.0890  +0.0000  -0.0154  -0.0162  -0.1207  -0.0934]  |Xerr|=0.1781
    6   0.060  [+0.4747 +0.1223 +0.5701]  [+0.3871 +0.0000 +0.5703]    0.1504    5.073   0.1745       0       0  *** HIGH ERROR
  step 6  T_actual:
    [   0.1686   -0.0884    0.9817    0.4747 ]
    [   0.0150    0.9961    0.0871    0.1223 ]
    [  -0.9856    0.0001    0.1693    0.5701 ]
    [   0.0000    0.0000    0.0000    1.0000 ]
  step 6  T_ref:
    [   0.1693    0.0000    0.9856    0.3871 ]
    [   0.0000    1.0000    0.0000    0.0000 ]
    [  -0.9856    0.0000    0.1693    0.5703 ]
    [   0.0000    0.0000    0.0000    1.0000 ]
  step 6  Xerr: [+0.0873  +0.0000  -0.0151  -0.0159  -0.1183  -0.0915]  |Xerr|=0.1745
    7   0.070  [+0.4732 +0.1197 +0.5701]  [+0.3873 +0.0000 +0.5703]    0.1474    4.971   0.1710       0       0  *** HIGH ERROR
  step 7  T_actual:
    [   0.1683   -0.0867    0.9819    0.4732 ]
    [   0.0147    0.9962    0.0854    0.1197 ]
    [  -0.9856    0.0001    0.1689    0.5701 ]
    [   0.0000    0.0000    0.0000    1.0000 ]
  step 7  T_ref:
    [   0.1689    0.0000    0.9856    0.3873 ]
    [   0.0000    1.0000    0.0000    0.0000 ]
    [  -0.9856    0.0000    0.1689    0.5703 ]
    [   0.0000    0.0000    0.0000    1.0000 ]
  step 7  Xerr: [+0.0855  -0.0000  -0.0147  -0.0157  -0.1159  -0.0897]  |Xerr|=0.1710
    8   0.080  [+0.4718 +0.1172 +0.5700]  [+0.3875 +0.0000 +0.5704]    0.1444    4.871   0.1676       0       0  *** HIGH ERROR
  step 8  T_actual:
    [   0.1678   -0.0849    0.9822    0.4718 ]
    [   0.0144    0.9964    0.0837    0.1172 ]
    [  -0.9857    0.0001    0.1684    0.5700 ]
    [   0.0000    0.0000    0.0000    1.0000 ]
  step 8  T_ref:
    [   0.1684    0.0000    0.9857    0.3875 ]
    [   0.0000    1.0000    0.0000    0.0000 ]
    [  -0.9857    0.0000    0.1684    0.5704 ]
    [   0.0000    0.0000    0.0000    1.0000 ]
  step 8  Xerr: [+0.0838  -0.0000  -0.0145  -0.0154  -0.1136  -0.0879]  |Xerr|=0.1676
    9   0.090  [+0.4705 +0.1148 +0.5701]  [+0.3878 +0.0000 +0.5705]    0.1415    4.772   0.1642       0       0  *** HIGH ERROR
  step 9  T_actual:
    [   0.1672   -0.0832    0.9824    0.4705 ]
    [   0.0141    0.9965    0.0820    0.1148 ]
    [  -0.9858    0.0002    0.1678    0.5701 ]
    [   0.0000    0.0000    0.0000    1.0000 ]
  step 9  T_ref:
    [   0.1678    0.0000    0.9858    0.3878 ]
    [   0.0000    1.0000    0.0000    0.0000 ]
    [  -0.9858    0.0000    0.1678    0.5705 ]
    [   0.0000    0.0000    0.0000    1.0000 ]
  step 9  Xerr: [+0.0821  +0.0000  -0.0142  -0.0151  -0.1113  -0.0861]  |Xerr|=0.1642
   10   0.100  [+0.4692 +0.1124 +0.5701]  [+0.3881 +0.0000 +0.5706]    0.1386    4.676   0.1609       0       0  *** HIGH ERROR
  step 10  T_actual:
    [   0.1665   -0.0815    0.9827    0.4692 ]
    [   0.0139    0.9967    0.0803    0.1124 ]
    [  -0.9859    0.0002    0.1670    0.5701 ]
    [   0.0000    0.0000    0.0000    1.0000 ]
  step 10  T_ref:
    [   0.1670    0.0000    0.9860    0.3881 ]
    [   0.0000    1.0000    0.0000    0.0000 ]
    [  -0.9860    0.0000    0.1670    0.5706 ]
    [   0.0000    0.0000    0.0000    1.0000 ]
  step 10  Xerr: [+0.0804  +0.0000  -0.0139  -0.0148  -0.1090  -0.0844]  |Xerr|=0.1609
   11   0.110  [+0.4681 +0.1101 +0.5702]  [+0.3886 +0.0000 +0.5708]    0.1358    4.581   0.1576       0       0  *** HIGH ERROR
  step 11  T_actual:
    [   0.1656   -0.0799    0.9830    0.4681 ]
    [   0.0136    0.9968    0.0787    0.1101 ]
    [  -0.9861    0.0003    0.1661    0.5702 ]
    [   0.0000    0.0000    0.0000    1.0000 ]
  step 11  T_ref:
    [   0.1661    0.0000    0.9861    0.3886 ]
    [   0.0000    1.0000    0.0000    0.0000 ]
    [  -0.9861    0.0000    0.1661    0.5708 ]
    [   0.0000    0.0000    0.0000    1.0000 ]
  step 11  Xerr: [+0.0788  +0.0000  -0.0136  -0.0145  -0.1068  -0.0826]  |Xerr|=0.1576
   12   0.120  [+0.4671 +0.1078 +0.5702]  [+0.3891 +0.0000 +0.5709]    0.1331    4.488   0.1544       0       0  *** HIGH ERROR
  step 12  T_actual:
    [   0.1645   -0.0783    0.9833    0.4671 ]
    [   0.0133    0.9969    0.0771    0.1078 ]
    [  -0.9863    0.0004    0.1650    0.5702 ]
    [   0.0000    0.0000    0.0000    1.0000 ]
  step 12  T_ref:
    [   0.1650    0.0000    0.9863    0.3891 ]
    [   0.0000    1.0000    0.0000    0.0000 ]
    [  -0.9863    0.0000    0.1650    0.5709 ]
    [   0.0000    0.0000    0.0000    1.0000 ]
  step 12  Xerr: [+0.0772  -0.0000  -0.0133  -0.0143  -0.1047  -0.0810]  |Xerr|=0.1544
   13   0.130  [+0.4662 +0.1055 +0.5702]  [+0.3897 +0.0000 +0.5711]    0.1304    4.397   0.1513       0       0  *** HIGH ERROR
  step 13  T_actual:
    [   0.1632   -0.0767    0.9836    0.4662 ]
    [   0.0130    0.9971    0.0756    0.1055 ]
    [  -0.9865    0.0005    0.1637    0.5702 ]
    [   0.0000    0.0000    0.0000    1.0000 ]
  step 13  T_ref:
    [   0.1637    0.0000    0.9865    0.3897 ]
    [   0.0000    1.0000    0.0000    0.0000 ]
    [  -0.9865    0.0000    0.1637    0.5711 ]
    [   0.0000    0.0000    0.0000    1.0000 ]
  step 13  Xerr: [+0.0756  +0.0000  -0.0131  -0.0142  -0.1025  -0.0793]  |Xerr|=0.1513
   14   0.140  [+0.4654 +0.1033 +0.5699]  [+0.3903 +0.0000 +0.5713]    0.1277    4.308   0.1483       0       0  *** HIGH ERROR
  step 14  T_actual:
    [   0.1617   -0.0751    0.9840    0.4654 ]
    [   0.0128    0.9972    0.0740    0.1033 ]
    [  -0.9868    0.0006    0.1622    0.5699 ]
    [   0.0000    0.0000    0.0000    1.0000 ]
  step 14  T_ref:
    [   0.1622    0.0000    0.9868    0.3903 ]
    [   0.0000    1.0000    0.0000    0.0000 ]
    [  -0.9868    0.0000    0.1622    0.5713 ]
    [   0.0000    0.0000    0.0000    1.0000 ]
  step 14  Xerr: [+0.0741  -0.0000  -0.0128  -0.0142  -0.1005  -0.0777]  |Xerr|=0.1483
   15   0.150  [+0.4648 +0.1012 +0.5697]  [+0.3911 +0.0000 +0.5716]    0.1252    4.220   0.1453       0       0  *** HIGH ERROR
  step 15  T_actual:
    [   0.1600   -0.0736    0.9844    0.4648 ]
    [   0.0125    0.9973    0.0725    0.1012 ]
    [  -0.9870    0.0007    0.1605    0.5697 ]
    [   0.0000    0.0000    0.0000    1.0000 ]
  step 15  T_ref:
    [   0.1605    0.0000    0.9870    0.3911 ]
    [   0.0000    1.0000    0.0000    0.0000 ]
    [  -0.9870    0.0000    0.1605    0.5716 ]
    [   0.0000    0.0000    0.0000    1.0000 ]
  step 15  Xerr: [+0.0726  +0.0000  -0.0125  -0.0143  -0.0984  -0.0761]  |Xerr|=0.1453
   16   0.160  [+0.4643 +0.0991 +0.5693]  [+0.3920 +0.0000 +0.5719]    0.1227    4.134   0.1423       0       0  *** HIGH ERROR
  step 16  T_actual:
    [   0.1581   -0.0721    0.9848    0.4643 ]
    [   0.0123    0.9974    0.0710    0.0991 ]
    [  -0.9873    0.0009    0.1586    0.5693 ]
    [   0.0000    0.0000    0.0000    1.0000 ]
  step 16  T_ref:
    [   0.1586    0.0000    0.9873    0.3920 ]
    [   0.0000    1.0000    0.0000    0.0000 ]
    [  -0.9873    0.0000    0.1586    0.5719 ]
    [   0.0000    0.0000    0.0000    1.0000 ]
  step 16  Xerr: [+0.0711  +0.0000  -0.0123  -0.0146  -0.0964  -0.0745]  |Xerr|=0.1423
   17   0.170  [+0.4639 +0.0970 +0.5690]  [+0.3930 +0.0000 +0.5722]    0.1202    4.050   0.1395       0       0  *** HIGH ERROR
  step 17  T_actual:
    [   0.1560   -0.0706    0.9852    0.4639 ]
    [   0.0120    0.9975    0.0696    0.0970 ]
    [  -0.9877    0.0010    0.1565    0.5690 ]
    [   0.0000    0.0000    0.0000    1.0000 ]
  step 17  T_ref:
    [   0.1564    0.0000    0.9877    0.3930 ]
    [   0.0000    1.0000    0.0000    0.0000 ]
    [  -0.9877    0.0000    0.1564    0.5722 ]
    [   0.0000    0.0000    0.0000    1.0000 ]
  step 17  Xerr: [+0.0697  +0.0000  -0.0120  -0.0148  -0.0944  -0.0729]  |Xerr|=0.1395
   18   0.180  [+0.4637 +0.0950 +0.5682]  [+0.3940 +0.0000 +0.5725]    0.1178    3.967   0.1367       0       0  *** HIGH ERROR
  step 18  T_actual:
    [   0.1536   -0.0692    0.9857    0.4637 ]
    [   0.0118    0.9976    0.0682    0.0950 ]
    [  -0.9881    0.0011    0.1541    0.5682 ]
    [   0.0000    0.0000    0.0000    1.0000 ]
  step 18  T_ref:
    [   0.1540    0.0000    0.9881    0.3940 ]
    [   0.0000    1.0000    0.0000    0.0000 ]
    [  -0.9881    0.0000    0.1540    0.5725 ]
    [   0.0000    0.0000    0.0000    1.0000 ]
  step 18  Xerr: [+0.0682  +0.0000  -0.0118  -0.0155  -0.0925  -0.0713]  |Xerr|=0.1367
   19   0.190  [+0.4635 +0.0930 +0.5682]  [+0.3952 +0.0000 +0.5729]    0.1154    3.886   0.1339       0       0  *** HIGH ERROR
  step 19  T_actual:
    [   0.1510   -0.0678    0.9862    0.4635 ]
    [   0.0115    0.9977    0.0668    0.0930 ]
    [  -0.9885    0.0013    0.1514    0.5682 ]
    [   0.0000    0.0000    0.0000    1.0000 ]
  step 19  T_ref:
    [   0.1514    0.0000    0.9885    0.3952 ]
    [   0.0000    1.0000    0.0000    0.0000 ]
    [  -0.9885    0.0000    0.1514    0.5729 ]
    [   0.0000    0.0000    0.0000    1.0000 ]
  step 19  Xerr: [+0.0668  +0.0000  -0.0116  -0.0155  -0.0906  -0.0698]  |Xerr|=0.1339
   20   0.200  [+0.4636 +0.0910 +0.5664]  [+0.3966 +0.0000 +0.5733]    0.1132    3.806   0.1313       0       0  *** HIGH ERROR
  step 20  T_actual:
    [   0.1481   -0.0664    0.9867    0.4636 ]
    [   0.0113    0.9978    0.0654    0.0910 ]
    [  -0.9889    0.0015    0.1485    0.5664 ]
    [   0.0000    0.0000    0.0000    1.0000 ]
  step 20  T_ref:
    [   0.1485    0.0000    0.9889    0.3966 ]
    [   0.0000    1.0000    0.0000    0.0000 ]
    [  -0.9889    0.0000    0.1485    0.5733 ]
    [   0.0000    0.0000    0.0000    1.0000 ]
  step 20  Xerr: [+0.0655  +0.0000  -0.0113  -0.0172  -0.0888  -0.0682]  |Xerr|=0.1313
   21   0.210  [+0.4637 +0.0891 +0.5666]  [+0.3980 +0.0000 +0.5737]    0.1109    3.728   0.1286       0       0  *** HIGH ERROR
  step 21  T_actual:
    [   0.1450   -0.0650    0.9873    0.4637 ]
    [   0.0111    0.9979    0.0641    0.0891 ]
    [  -0.9894    0.0017    0.1454    0.5666 ]
    [   0.0000    0.0000    0.0000    1.0000 ]
  step 21  T_ref:
    [   0.1453    0.0000    0.9894    0.3980 ]
    [   0.0000    1.0000    0.0000    0.0000 ]
    [  -0.9894    0.0000    0.1453    0.5737 ]
    [   0.0000    0.0000    0.0000    1.0000 ]
  step 21  Xerr: [+0.0641  +0.0000  -0.0111  -0.0171  -0.0869  -0.0668]  |Xerr|=0.1286
   22   0.220  [+0.4640 +0.0872 +0.5665]  [+0.3996 +0.0000 +0.5742]    0.1087    3.652   0.1260       0       0  *** HIGH ERROR
  step 22  T_actual:
    [   0.1416   -0.0637    0.9879    0.4640 ]
    [   0.0109    0.9980    0.0628    0.0872 ]
    [  -0.9899    0.0018    0.1420    0.5665 ]
    [   0.0000    0.0000    0.0000    1.0000 ]
  step 22  T_ref:
    [   0.1419    0.0000    0.9899    0.3996 ]
    [   0.0000    1.0000    0.0000    0.0000 ]
    [  -0.9899    0.0000    0.1419    0.5742 ]
    [   0.0000    0.0000    0.0000    1.0000 ]
  step 22  Xerr: [+0.0628  +0.0000  -0.0109  -0.0173  -0.0851  -0.0654]  |Xerr|=0.1260
   23   0.230  [+0.4643 +0.0854 +0.5633]  [+0.4013 +0.0000 +0.5747]    0.1067    3.576   0.1237       0       0  *** HIGH ERROR
  step 23  T_actual:
    [   0.1379   -0.0623    0.9885    0.4643 ]
    [   0.0106    0.9981    0.0615    0.0854 ]
    [  -0.9904    0.0020    0.1383    0.5633 ]
    [   0.0000    0.0000    0.0000    1.0000 ]
  step 23  T_ref:
    [   0.1382    0.0000    0.9904    0.4013 ]
    [   0.0000    1.0000    0.0000    0.0000 ]
    [  -0.9904    0.0000    0.1382    0.5747 ]
    [   0.0000    0.0000    0.0000    1.0000 ]
  step 23  Xerr: [+0.0615  +0.0000  -0.0107  -0.0204  -0.0834  -0.0635]  |Xerr|=0.1237
   24   0.240  [+0.4648 +0.0836 +0.5637]  [+0.4031 +0.0000 +0.5752]    0.1045    3.503   0.1211       0       0  *** HIGH ERROR
  step 24  T_actual:
    [   0.1339   -0.0611    0.9891    0.4648 ]
    [   0.0104    0.9981    0.0602    0.0836 ]
    [  -0.9909    0.0023    0.1343    0.5637 ]
    [   0.0000    0.0000    0.0000    1.0000 ]
  step 24  T_ref:
    [   0.1342    0.0000    0.9910    0.4031 ]
    [   0.0000    1.0000    0.0000    0.0000 ]
    [  -0.9910    0.0000    0.1342    0.5752 ]
    [   0.0000    0.0000    0.0000    1.0000 ]
  step 24  Xerr: [+0.0602  +0.0000  -0.0104  -0.0202  -0.0816  -0.0621]  |Xerr|=0.1211
   25   0.250  [+0.4655 +0.0818 +0.5638]  [+0.4050 +0.0000 +0.5758]    0.1024    3.430   0.1187       0       0  *** HIGH ERROR
  step 25  T_actual:
    [   0.1296   -0.0598    0.9898    0.4655 ]
    [   0.0102    0.9982    0.0590    0.0818 ]
    [  -0.9915    0.0025    0.1300    0.5638 ]
    [   0.0000    0.0000    0.0000    1.0000 ]
  step 25  T_ref:
    [   0.1299    0.0000    0.9915    0.4050 ]
    [   0.0000    1.0000    0.0000    0.0000 ]
    [  -0.9915    0.0000    0.1299    0.5758 ]
    [   0.0000    0.0000    0.0000    1.0000 ]
  step 25  Xerr: [+0.0590  +0.0000  -0.0102  -0.0202  -0.0800  -0.0608]  |Xerr|=0.1187
   26   0.260  [+0.4662 +0.0801 +0.5617]  [+0.4071 +0.0000 +0.5764]    0.1006    3.359   0.1164       0       0  *** HIGH ERROR
  step 26  T_actual:
    [   0.1250   -0.0585    0.9904    0.4662 ]
    [   0.0100    0.9983    0.0577    0.0801 ]
    [  -0.9921    0.0027    0.1254    0.5617 ]
    [   0.0000    0.0000    0.0000    1.0000 ]
  step 26  T_ref:
    [   0.1253    0.0000    0.9921    0.4071 ]
    [   0.0000    1.0000    0.0000    0.0000 ]
    [  -0.9921    0.0000    0.1253    0.5764 ]
    [   0.0000    0.0000    0.0000    1.0000 ]
  step 26  Xerr: [+0.0578  +0.0000  -0.0100  -0.0224  -0.0783  -0.0591]  |Xerr|=0.1164
   27   0.270  [+0.4672 +0.0784 +0.5618]  [+0.4094 +0.0000 +0.5770]    0.0986    3.290   0.1141       0       0  *** HIGH ERROR
  step 27  T_actual:
    [   0.1202   -0.0573    0.9911    0.4672 ]
    [   0.0098    0.9984    0.0565    0.0784 ]
    [  -0.9927    0.0029    0.1205    0.5618 ]
    [   0.0000    0.0000    0.0000    1.0000 ]
  step 27  T_ref:
    [   0.1204    0.0000    0.9927    0.4094 ]
    [   0.0000    1.0000    0.0000    0.0000 ]
    [  -0.9927    0.0000    0.1204    0.5770 ]
    [   0.0000    0.0000    0.0000    1.0000 ]
  step 27  Xerr: [+0.0566  +0.0000  -0.0098  -0.0225  -0.0767  -0.0578]  |Xerr|=0.1141
   28   0.280  [+0.4682 +0.0767 +0.5580]  [+0.4117 +0.0000 +0.5777]    0.0972    3.222   0.1123       0       0  *** HIGH ERROR
  step 28  T_actual:
    [   0.1150   -0.0561    0.9918    0.4682 ]
    [   0.0096    0.9984    0.0554    0.0767 ]
    [  -0.9933    0.0032    0.1153    0.5580 ]
    [   0.0000    0.0000    0.0000    1.0000 ]
  step 28  T_ref:
    [   0.1152    0.0000    0.9933    0.4117 ]
    [   0.0000    1.0000    0.0000    0.0000 ]
    [  -0.9933    0.0000    0.1152    0.5777 ]
    [   0.0000    0.0000    0.0000    1.0000 ]
  step 28  Xerr: [+0.0554  +0.0000  -0.0096  -0.0264  -0.0751  -0.0559]  |Xerr|=0.1123
   29   0.290  [+0.4694 +0.0751 +0.5584]  [+0.4143 +0.0000 +0.5784]    0.0953    3.154   0.1101       0       0  *** HIGH ERROR
  step 29  T_actual:
    [   0.1095   -0.0549    0.9925    0.4694 ]
    [   0.0094    0.9985    0.0542    0.0751 ]
    [  -0.9939    0.0034    0.1098    0.5584 ]
    [   0.0000    0.0000    0.0000    1.0000 ]
  step 29  T_ref:
    [   0.1097    0.0000    0.9940    0.4143 ]
    [   0.0000    1.0000    0.0000    0.0000 ]
    [  -0.9940    0.0000    0.1097    0.5784 ]
    [   0.0000    0.0000    0.0000    1.0000 ]
  step 29  Xerr: [+0.0542  +0.0000  -0.0094  -0.0262  -0.0735  -0.0547]  |Xerr|=0.1101
   30   0.300  [+0.4708 +0.0735 +0.5583]  [+0.4169 +0.0000 +0.5791]    0.0935    3.089   0.1079       0       0  *** HIGH ERROR
  step 30  T_actual:
    [   0.1036   -0.0538    0.9932    0.4708 ]
    [   0.0092    0.9985    0.0531    0.0735 ]
    [  -0.9946    0.0037    0.1040    0.5583 ]
    [   0.0000    0.0000    0.0000    1.0000 ]
  step 30  T_ref:
    [   0.1039    0.0000    0.9946    0.4169 ]
    [   0.0000    1.0000    0.0000    0.0000 ]
    [  -0.9946    0.0000    0.1039    0.5791 ]
    [   0.0000    0.0000    0.0000    1.0000 ]
  step 30  Xerr: [+0.0531  +0.0000  -0.0092  -0.0266  -0.0720  -0.0534]  |Xerr|=0.1079
   31   0.310  [+0.4771 +0.0722 +0.5326]  [+0.4198 +0.0000 +0.5798]    0.1035    3.024   0.1162       0       0  *** HIGH ERROR
  step 31  T_actual:
    [   0.0975   -0.0526    0.9938    0.4771 ]
    [   0.0090    0.9986    0.0520    0.0722 ]
    [  -0.9952    0.0039    0.0978    0.5326 ]
    [   0.0000    0.0000    0.0000    1.0000 ]
  step 31  T_ref:
    [   0.0977    0.0000    0.9952    0.4198 ]
    [   0.0000    1.0000    0.0000    0.0000 ]
    [  -0.9952    0.0000    0.0977    0.5798 ]
    [   0.0000    0.0000    0.0000    1.0000 ]
  step 31  Xerr: [+0.0520  +0.0000  -0.0091  -0.0528  -0.0706  -0.0543]  |Xerr|=0.1162
   32   0.320  [+0.4786 +0.0707 +0.5339]  [+0.4227 +0.0000 +0.5805]    0.1014    2.961   0.1139       0       0  *** HIGH ERROR
  step 32  T_actual:
    [   0.0910   -0.0515    0.9945    0.4786 ]
    [   0.0089    0.9987    0.0509    0.0707 ]
    [  -0.9958    0.0042    0.0914    0.5339 ]
    [   0.0000    0.0000    0.0000    1.0000 ]
  step 32  T_ref:
    [   0.0913    0.0000    0.9958    0.4227 ]
    [   0.0000    1.0000    0.0000    0.0000 ]
    [  -0.9958    0.0000    0.0913    0.5805 ]
    [   0.0000    0.0000    0.0000    1.0000 ]
  step 32  Xerr: [+0.0509  +0.0000  -0.0089  -0.0518  -0.0691  -0.0532]  |Xerr|=0.1139
   33   0.330  [+0.4803 +0.0692 +0.5351]  [+0.4259 +0.0000 +0.5813]    0.0994    2.899   0.1115       0       0  *** HIGH ERROR
  step 33  T_actual:
    [   0.0842   -0.0504    0.9952    0.4803 ]
    [   0.0087    0.9987    0.0498    0.0692 ]
    [  -0.9964    0.0044    0.0846    0.5351 ]
    [   0.0000    0.0000    0.0000    1.0000 ]
  step 33  T_ref:
    [   0.0845    0.0000    0.9964    0.4259 ]
    [   0.0000    1.0000    0.0000    0.0000 ]
    [  -0.9964    0.0000    0.0845    0.5813 ]
    [   0.0000    0.0000    0.0000    1.0000 ]
  step 33  Xerr: [+0.0498  +0.0000  -0.0087  -0.0509  -0.0677  -0.0521]  |Xerr|=0.1115
   34   0.340  [+0.4822 +0.0677 +0.5363]  [+0.4291 +0.0000 +0.5820]    0.0974    2.838   0.1093       0       0  *** HIGH ERROR
  step 34  T_actual:
    [   0.0771   -0.0493    0.9958    0.4822 ]
    [   0.0085    0.9988    0.0488    0.0677 ]
    [  -0.9970    0.0047    0.0774    0.5363 ]
    [   0.0000    0.0000    0.0000    1.0000 ]
  step 34  T_ref:
    [   0.0773    0.0000    0.9970    0.4291 ]
    [   0.0000    1.0000    0.0000    0.0000 ]
    [  -0.9970    0.0000    0.0773    0.5820 ]
    [   0.0000    0.0000    0.0000    1.0000 ]
  step 34  Xerr: [+0.0488  +0.0000  -0.0085  -0.0500  -0.0663  -0.0510]  |Xerr|=0.1093
   35   0.350  [+0.4843 +0.0662 +0.5374]  [+0.4326 +0.0000 +0.5828]    0.0955    2.778   0.1071       0       0  *** HIGH ERROR
  step 35  T_actual:
    [   0.0697   -0.0482    0.9964    0.4843 ]
    [   0.0083    0.9988    0.0478    0.0662 ]
    [  -0.9975    0.0050    0.0700    0.5374 ]
    [   0.0000    0.0000    0.0000    1.0000 ]
  step 35  T_ref:
    [   0.0699    0.0000    0.9976    0.4326 ]
    [   0.0000    1.0000    0.0000    0.0000 ]
    [  -0.9976    0.0000    0.0699    0.5828 ]
    [   0.0000    0.0000    0.0000    1.0000 ]
  step 35  Xerr: [+0.0478  +0.0000  -0.0083  -0.0492  -0.0649  -0.0500]  |Xerr|=0.1071
   36   0.360  [+0.4865 +0.0648 +0.5385]  [+0.4362 +0.0000 +0.5836]    0.0937    2.720   0.1050       0       0  *** HIGH ERROR
  step 36  T_actual:
    [   0.0619   -0.0472    0.9970    0.4865 ]
    [   0.0082    0.9989    0.0467    0.0648 ]
    [  -0.9980    0.0053    0.0622    0.5385 ]
    [   0.0000    0.0000    0.0000    1.0000 ]
  step 36  T_ref:
    [   0.0621    0.0000    0.9981    0.4362 ]
    [   0.0000    1.0000    0.0000    0.0000 ]
    [  -0.9981    0.0000    0.0621    0.5836 ]
    [   0.0000    0.0000    0.0000    1.0000 ]
  step 36  Xerr: [+0.0468  +0.0000  -0.0082  -0.0484  -0.0635  -0.0490]  |Xerr|=0.1050
   37   0.370  [+0.4890 +0.0634 +0.5394]  [+0.4399 +0.0000 +0.5844]    0.0919    2.663   0.1030       0       0  *** HIGH ERROR
  step 37  T_actual:
    [   0.0538   -0.0461    0.9975    0.4890 ]
    [   0.0080    0.9989    0.0458    0.0634 ]
    [  -0.9985    0.0055    0.0541    0.5394 ]
    [   0.0000    0.0000    0.0000    1.0000 ]
  step 37  T_ref:
    [   0.0540    0.0000    0.9985    0.4399 ]
    [   0.0000    1.0000    0.0000    0.0000 ]
    [  -0.9985    0.0000    0.0540    0.5844 ]
    [   0.0000    0.0000    0.0000    1.0000 ]
  step 37  Xerr: [+0.0458  +0.0000  -0.0080  -0.0478  -0.0621  -0.0480]  |Xerr|=0.1030
   38   0.380  [+0.4917 +0.0621 +0.5399]  [+0.4438 +0.0000 +0.5852]    0.0905    2.606   0.1013       0       0  *** HIGH ERROR
  step 38  T_actual:
    [   0.0453   -0.0451    0.9980    0.4917 ]
    [   0.0079    0.9990    0.0448    0.0621 ]
    [  -0.9989    0.0058    0.0456    0.5399 ]
    [   0.0000    0.0000    0.0000    1.0000 ]
  step 38  T_ref:
    [   0.0455    0.0000    0.9990    0.4438 ]
    [   0.0000    1.0000    0.0000    0.0000 ]
    [  -0.9990    0.0000    0.0455    0.5852 ]
    [   0.0000    0.0000    0.0000    1.0000 ]
  step 38  Xerr: [+0.0448  +0.0000  -0.0079  -0.0476  -0.0608  -0.0471]  |Xerr|=0.1013
   39   0.390  [+0.4947 +0.0607 +0.5393]  [+0.4479 +0.0000 +0.5859]    0.0898    2.551   0.1002       0       0  *** HIGH ERROR
  step 39  T_actual:
    [   0.0366   -0.0441    0.9984    0.4947 ]
    [   0.0077    0.9990    0.0438    0.0607 ]
    [  -0.9993    0.0061    0.0369    0.5393 ]
    [   0.0000    0.0000    0.0000    1.0000 ]
  step 39  T_ref:
    [   0.0367    0.0000    0.9993    0.4479 ]
    [   0.0000    1.0000    0.0000    0.0000 ]
    [  -0.9993    0.0000    0.0367    0.5859 ]
    [   0.0000    0.0000    0.0000    1.0000 ]
  step 39  Xerr: [+0.0439  +0.0000  -0.0077  -0.0486  -0.0595  -0.0464]  |Xerr|=0.1002
   40   0.400  [+0.4978 +0.0594 +0.5389]  [+0.4521 +0.0000 +0.5867]    0.0889    2.497   0.0990       0       0  *** HIGH ERROR
  step 40  T_actual:
    [   0.0274   -0.0431    0.9987    0.4978 ]
    [   0.0075    0.9991    0.0429    0.0594 ]
    [  -0.9996    0.0064    0.0277    0.5389 ]
    [   0.0000    0.0000    0.0000    1.0000 ]
  step 40  T_ref:
    [   0.0276    0.0000    0.9996    0.4521 ]
    [   0.0000    1.0000    0.0000    0.0000 ]
    [  -0.9996    0.0000    0.0276    0.5867 ]
    [   0.0000    0.0000    0.0000    1.0000 ]
  step 40  Xerr: [+0.0429  +0.0000  -0.0075  -0.0492  -0.0583  -0.0456]  |Xerr|=0.0990
   41   0.410  [+0.5009 +0.0581 +0.5390]  [+0.4565 +0.0000 +0.5875]    0.0878    2.444   0.0976       0       0  *** HIGH ERROR
  step 41  T_actual:
    [   0.0180   -0.0421    0.9990    0.5009 ]
    [   0.0074    0.9991    0.0420    0.0581 ]
    [  -0.9998    0.0066    0.0183    0.5390 ]
    [   0.0000    0.0000    0.0000    1.0000 ]
  step 41  T_ref:
    [   0.0182    0.0000    0.9998    0.4565 ]
    [   0.0000    1.0000    0.0000    0.0000 ]
    [  -0.9998    0.0000    0.0182    0.5875 ]
    [   0.0000    0.0000    0.0000    1.0000 ]
  step 41  Xerr: [+0.0420  +0.0000  -0.0074  -0.0494  -0.0570  -0.0448]  |Xerr|=0.0976
   42   0.420  [+0.5045 +0.0569 +0.5277]  [+0.4610 +0.0000 +0.5882]    0.0937    2.391   0.1026       0       0  *** HIGH ERROR
  step 42  T_actual:
    [   0.0082   -0.0412    0.9991    0.5045 ]
    [   0.0072    0.9991    0.0411    0.0569 ]
    [  -0.9999    0.0069    0.0085    0.5277 ]
    [   0.0000    0.0000    0.0000    1.0000 ]
  step 42  T_ref:
    [   0.0084    0.0000    1.0000    0.4610 ]
    [   0.0000    1.0000    0.0000    0.0000 ]
    [  -1.0000    0.0000    0.0084    0.5882 ]
    [   0.0000    0.0000    0.0000    1.0000 ]
  step 42  Xerr: [+0.0411  +0.0000  -0.0072  -0.0610  -0.0558  -0.0441]  |Xerr|=0.1026
   43   0.430  [+0.5077 +0.0556 +0.5289]  [+0.4657 +0.0000 +0.5889]    0.0920    2.340   0.1006       0       0  *** HIGH ERROR
  step 43  T_actual:
    [  -0.0018   -0.0402    0.9992    0.5077 ]
    [   0.0071    0.9992    0.0402    0.0556 ]
    [  -1.0000    0.0072   -0.0016    0.5289 ]
    [   0.0000    0.0000    0.0000    1.0000 ]
  step 43  T_ref:
    [  -0.0017    0.0000    1.0000    0.4657 ]
    [   0.0000    1.0000    0.0000    0.0000 ]
    [  -1.0000    0.0000   -0.0017    0.5889 ]
    [   0.0000    0.0000    0.0000    1.0000 ]
  step 43  Xerr: [+0.0402  +0.0000  -0.0071  -0.0601  -0.0546  -0.0432]  |Xerr|=0.1006
   44   0.440  [+0.5110 +0.0544 +0.5299]  [+0.4706 +0.0000 +0.5896]    0.0904    2.290   0.0988       0       0  *** HIGH ERROR
  step 44  T_actual:
    [  -0.0123   -0.0393    0.9992    0.5110 ]
    [   0.0070    0.9992    0.0393    0.0544 ]
    [  -0.9999    0.0074   -0.0120    0.5299 ]
    [   0.0000    0.0000    0.0000    1.0000 ]
  step 44  T_ref:
    [  -0.0121    0.0000    0.9999    0.4706 ]
    [   0.0000    1.0000    0.0000    0.0000 ]
    [  -0.9999    0.0000   -0.0121    0.5896 ]
    [   0.0000    0.0000    0.0000    1.0000 ]
  step 44  Xerr: [+0.0394  +0.0000  -0.0070  -0.0594  -0.0534  -0.0423]  |Xerr|=0.0988
   45   0.450  [+0.5146 +0.0532 +0.5303]  [+0.4756 +0.0000 +0.5903]    0.0892    2.241   0.0974       0       0  *** HIGH ERROR
  step 45  T_actual:
    [  -0.0230   -0.0383    0.9990    0.5146 ]
    [   0.0068    0.9992    0.0385    0.0532 ]
    [  -0.9997    0.0077   -0.0227    0.5303 ]
    [   0.0000    0.0000    0.0000    1.0000 ]
  step 45  T_ref:
    [  -0.0229    0.0000    0.9997    0.4756 ]
    [   0.0000    1.0000    0.0000    0.0000 ]
    [  -0.9997    0.0000   -0.0229    0.5903 ]
    [   0.0000    0.0000    0.0000    1.0000 ]
  step 45  Xerr: [+0.0385  +0.0000  -0.0068  -0.0593  -0.0522  -0.0414]  |Xerr|=0.0974
   46   0.460  [+0.5182 +0.0521 +0.5262]  [+0.4807 +0.0000 +0.5909]    0.0911    2.193   0.0988       0       0  *** HIGH ERROR
  step 46  T_actual:
    [  -0.0340   -0.0374    0.9987    0.5182 ]
    [   0.0067    0.9993    0.0377    0.0521 ]
    [  -0.9994    0.0079   -0.0337    0.5262 ]
    [   0.0000    0.0000    0.0000    1.0000 ]
  step 46  T_ref:
    [  -0.0339    0.0000    0.9994    0.4807 ]
    [   0.0000    1.0000    0.0000    0.0000 ]
    [  -0.9994    0.0000   -0.0339    0.5909 ]
    [   0.0000    0.0000    0.0000    1.0000 ]
  step 46  Xerr: [+0.0377  +0.0000  -0.0067  -0.0636  -0.0511  -0.0406]  |Xerr|=0.0988
   47   0.470  [+0.5220 +0.0509 +0.5259]  [+0.4860 +0.0000 +0.5915]    0.0905    2.145   0.0979       0       0  *** HIGH ERROR
  step 47  T_actual:
    [  -0.0454   -0.0365    0.9983    0.5220 ]
    [   0.0065    0.9993    0.0369    0.0509 ]
    [  -0.9989    0.0082   -0.0451    0.5259 ]
    [   0.0000    0.0000    0.0000    1.0000 ]
  step 47  T_ref:
    [  -0.0453    0.0000    0.9990    0.4860 ]
    [   0.0000    1.0000    0.0000    0.0000 ]
    [  -0.9990    0.0000   -0.0453    0.5915 ]
    [   0.0000    0.0000    0.0000    1.0000 ]
  step 47  Xerr: [+0.0369  +0.0000  -0.0065  -0.0640  -0.0500  -0.0398]  |Xerr|=0.0979
   48   0.480  [+0.5239 +0.0497 +0.4591]  [+0.4915 +0.0000 +0.5920]    0.1456    2.099   0.1501       0       0  *** HIGH ERROR
  step 48  T_actual:
    [  -0.0570   -0.0356    0.9977    0.5239 ]
    [   0.0064    0.9993    0.0361    0.0497 ]
    [  -0.9984    0.0084   -0.0568    0.4591 ]
    [   0.0000    0.0000    0.0000    1.0000 ]
  step 48  T_ref:
    [  -0.0569    0.0000    0.9984    0.4915 ]
    [   0.0000    1.0000    0.0000    0.0000 ]
    [  -0.9984    0.0000   -0.0569    0.5920 ]
    [   0.0000    0.0000    0.0000    1.0000 ]
  step 48  Xerr: [+0.0361  +0.0000  -0.0064  -0.1310  -0.0486  -0.0408]  |Xerr|=0.1501
   49   0.490  [+0.5272 +0.0486 +0.4618]  [+0.4971 +0.0000 +0.5925]    0.1427    2.053   0.1471       0       0  *** HIGH ERROR
  step 49  T_actual:
    [  -0.0690   -0.0348    0.9970    0.5272 ]
    [   0.0063    0.9994    0.0353    0.0486 ]
    [  -0.9976    0.0087   -0.0687    0.4618 ]
    [   0.0000    0.0000    0.0000    1.0000 ]
  step 49  T_ref:
    [  -0.0689    0.0000    0.9976    0.4971 ]
    [   0.0000    1.0000    0.0000    0.0000 ]
    [  -0.9976    0.0000   -0.0689    0.5925 ]
    [   0.0000    0.0000    0.0000    1.0000 ]
  step 49  Xerr: [+0.0353  +0.0000  -0.0063  -0.1285  -0.0475  -0.0399]  |Xerr|=0.1471
   50   0.500  [+0.5308 +0.0475 +0.4644]  [+0.5029 +0.0000 +0.5929]    0.1399    2.008   0.1442       0       0  *** HIGH ERROR
  step 50  T_actual:
    [  -0.0812   -0.0339    0.9961    0.5308 ]
    [   0.0061    0.9994    0.0345    0.0475 ]
    [  -0.9967    0.0089   -0.0810    0.4644 ]
    [   0.0000    0.0000    0.0000    1.0000 ]
  step 50  T_ref:
    [  -0.0811    0.0000    0.9967    0.5029 ]
    [   0.0000    1.0000    0.0000    0.0000 ]
    [  -0.9967    0.0000   -0.0811    0.5929 ]
    [   0.0000    0.0000    0.0000    1.0000 ]
  step 50  Xerr: [+0.0345  +0.0000  -0.0062  -0.1260  -0.0465  -0.0391]  |Xerr|=0.1442
   51   0.510  [+0.5345 +0.0465 +0.4669]  [+0.5088 +0.0000 +0.5933]    0.1371    1.965   0.1413       0       0  *** HIGH ERROR
  step 51  T_actual:
    [  -0.0938   -0.0330    0.9950    0.5345 ]
    [   0.0060    0.9994    0.0337    0.0465 ]
    [  -0.9956    0.0092   -0.0935    0.4669 ]
    [   0.0000    0.0000    0.0000    1.0000 ]
  step 51  T_ref:
    [  -0.0937    0.0000    0.9956    0.5088 ]
    [   0.0000    1.0000    0.0000    0.0000 ]
    [  -0.9956    0.0000   -0.0937    0.5933 ]
    [   0.0000    0.0000    0.0000    1.0000 ]
  step 51  Xerr: [+0.0338  +0.0000  -0.0060  -0.1236  -0.0455  -0.0382]  |Xerr|=0.1413
   52   0.520  [+0.5384 +0.0454 +0.4693]  [+0.5149 +0.0000 +0.5936]    0.1344    1.922   0.1386       0       0  *** HIGH ERROR
  step 52  T_actual:
    [  -0.1066   -0.0322    0.9938    0.5384 ]
    [   0.0059    0.9994    0.0330    0.0454 ]
    [  -0.9943    0.0094   -0.1063    0.4693 ]
    [   0.0000    0.0000    0.0000    1.0000 ]
  step 52  T_ref:
    [  -0.1065    0.0000    0.9943    0.5149 ]
    [   0.0000    1.0000    0.0000    0.0000 ]
    [  -0.9943    0.0000   -0.1065    0.5936 ]
    [   0.0000    0.0000    0.0000    1.0000 ]
  step 52  Xerr: [+0.0330  +0.0000  -0.0059  -0.1212  -0.0445  -0.0374]  |Xerr|=0.1386
   53   0.530  [+0.5425 +0.0444 +0.4715]  [+0.5211 +0.0000 +0.5938]    0.1318    1.879   0.1358       0       0  *** HIGH ERROR
  step 53  T_actual:
    [  -0.1196   -0.0314    0.9923    0.5425 ]
    [   0.0058    0.9995    0.0323    0.0444 ]
    [  -0.9928    0.0096   -0.1194    0.4715 ]
    [   0.0000    0.0000    0.0000    1.0000 ]
  step 53  T_ref:
    [  -0.1196    0.0000    0.9928    0.5211 ]
    [   0.0000    1.0000    0.0000    0.0000 ]
    [  -0.9928    0.0000   -0.1196    0.5938 ]
    [   0.0000    0.0000    0.0000    1.0000 ]
  step 53  Xerr: [+0.0323  +0.0000  -0.0058  -0.1189  -0.0435  -0.0366]  |Xerr|=0.1358
   54   0.540  [+0.5468 +0.0434 +0.4737]  [+0.5274 +0.0000 +0.5939]    0.1293    1.838   0.1332       0       0  *** HIGH ERROR
  step 54  T_actual:
    [  -0.1330   -0.0305    0.9906    0.5468 ]
    [   0.0057    0.9995    0.0316    0.0434 ]
    [  -0.9911    0.0098   -0.1327    0.4737 ]
    [   0.0000    0.0000    0.0000    1.0000 ]
  step 54  T_ref:
    [  -0.1329    0.0000    0.9911    0.5274 ]
    [   0.0000    1.0000    0.0000    0.0000 ]
    [  -0.9911    0.0000   -0.1329    0.5939 ]
    [   0.0000    0.0000    0.0000    1.0000 ]
  step 54  Xerr: [+0.0316  +0.0000  -0.0057  -0.1167  -0.0425  -0.0359]  |Xerr|=0.1332
   55   0.550  [+0.5512 +0.0424 +0.4757]  [+0.5338 +0.0000 +0.5940]    0.1268    1.797   0.1307       0       0  *** HIGH ERROR
  step 55  T_actual:
    [  -0.1466   -0.0297    0.9888    0.5512 ]
    [   0.0056    0.9995    0.0309    0.0424 ]
    [  -0.9892    0.0100   -0.1463    0.4757 ]
    [   0.0000    0.0000    0.0000    1.0000 ]
  step 55  T_ref:
    [  -0.1465    0.0000    0.9892    0.5338 ]
    [   0.0000    1.0000    0.0000    0.0000 ]
    [  -0.9892    0.0000   -0.1465    0.5940 ]
    [   0.0000    0.0000    0.0000    1.0000 ]
  step 55  Xerr: [+0.0309  +0.0000  -0.0056  -0.1146  -0.0416  -0.0351]  |Xerr|=0.1307
   56   0.560  [+0.5557 +0.0415 +0.4776]  [+0.5404 +0.0000 +0.5939]    0.1245    1.758   0.1282       0       0  *** HIGH ERROR
  step 56  T_actual:
    [  -0.1604   -0.0289    0.9866    0.5557 ]
    [   0.0054    0.9995    0.0302    0.0415 ]
    [  -0.9870    0.0102   -0.1602    0.4776 ]
    [   0.0000    0.0000    0.0000    1.0000 ]
  step 56  T_ref:
    [  -0.1603    0.0000    0.9871    0.5404 ]
    [   0.0000    1.0000    0.0000    0.0000 ]
    [  -0.9871    0.0000   -0.1603    0.5939 ]
    [   0.0000    0.0000    0.0000    1.0000 ]
  step 56  Xerr: [+0.0302  +0.0000  -0.0054  -0.1125  -0.0407  -0.0344]  |Xerr|=0.1282
   57   0.570  [+0.5604 +0.0405 +0.4793]  [+0.5471 +0.0000 +0.5938]    0.1222    1.719   0.1258       0       0  *** HIGH ERROR
  step 57  T_actual:
    [  -0.1745   -0.0281    0.9843    0.5604 ]
    [   0.0053    0.9996    0.0295    0.0405 ]
    [  -0.9846    0.0104   -0.1742    0.4793 ]
    [   0.0000    0.0000    0.0000    1.0000 ]
  step 57  T_ref:
    [  -0.1744    0.0000    0.9847    0.5471 ]
    [   0.0000    1.0000    0.0000    0.0000 ]
    [  -0.9847    0.0000   -0.1744    0.5938 ]
    [   0.0000    0.0000    0.0000    1.0000 ]
  step 57  Xerr: [+0.0295  +0.0000  -0.0053  -0.1106  -0.0397  -0.0336]  |Xerr|=0.1258
   58   0.580  [+0.5652 +0.0396 +0.4807]  [+0.5540 +0.0000 +0.5936]    0.1201    1.680   0.1237       0       0  *** HIGH ERROR
  step 58  T_actual:
    [  -0.1888   -0.0274    0.9816    0.5652 ]
    [   0.0052    0.9996    0.0289    0.0396 ]
    [  -0.9820    0.0106   -0.1885    0.4807 ]
    [   0.0000    0.0000    0.0000    1.0000 ]
  step 58  T_ref:
    [  -0.1887    0.0000    0.9820    0.5540 ]
    [   0.0000    1.0000    0.0000    0.0000 ]
    [  -0.9820    0.0000   -0.1887    0.5936 ]
    [   0.0000    0.0000    0.0000    1.0000 ]
  step 58  Xerr: [+0.0289  +0.0000  -0.0052  -0.1088  -0.0389  -0.0329]  |Xerr|=0.1237
   59   0.590  [+0.5702 +0.0387 +0.4818]  [+0.5609 +0.0000 +0.5932]    0.1183    1.643   0.1217       0       0  *** HIGH ERROR
  step 59  T_actual:
    [  -0.2032   -0.0266    0.9788    0.5702 ]
    [   0.0051    0.9996    0.0282    0.0387 ]
    [  -0.9791    0.0107   -0.2030    0.4818 ]
    [   0.0000    0.0000    0.0000    1.0000 ]
  step 59  T_ref:
    [  -0.2032    0.0000    0.9791    0.5609 ]
    [   0.0000    1.0000    0.0000    0.0000 ]
    [  -0.9791    0.0000   -0.2032    0.5932 ]
    [   0.0000    0.0000    0.0000    1.0000 ]
  step 59  Xerr: [+0.0282  +0.0000  -0.0051  -0.1073  -0.0380  -0.0322]  |Xerr|=0.1217
