2026-06-10 17:34:09  INFO      Log file: C:\Users\admin\Documents\Robotics\Code\CourseraRobotics\2026-06-04_Capstone_Project\capstone_2026-06-10_17-34-09.log
2026-06-10 17:34:09  INFO      ============================================================
2026-06-10 17:34:09  INFO      Capstone Full Program – youBot Mobile Manipulation
2026-06-10 17:34:09  INFO      ============================================================
2026-06-10 17:34:09  INFO      build_trajectory: T_se_initial from FK:
[[ 0.17    0.      0.9854  0.3868]
 [ 0.      1.      0.      0.    ]
 [-0.9854  0.      0.17    0.5702]
 [ 0.      0.      0.      1.    ]]
2026-06-10 17:34:09  INFO      
2026-06-10 17:34:09  INFO      --- Test A: feedforward only, perfect start ---
2026-06-10 17:34:09  INFO      Using pre-built trajectory (707 rows).
2026-06-10 17:34:09  INFO      Initial Xerr (actual vs reference): [ 0.0000e+00  0.0000e+00  0.0000e+00 -5.5511e-17  0.0000e+00  5.5511e-17]  |Xerr|=0.0000
2026-06-10 17:34:09  INFO      Reference trajectory: 707 configurations  (7.06 s total)
2026-06-10 17:34:09  INFO      Starting control loop: 706 iterations …
2026-06-10 17:34:09  DEBUG     ─── step    0  t=  0.000 s ───────────────────────────────────────────
2026-06-10 17:34:09  DEBUG       START config  : φ=+0.0000 x=+0.0000 y=+0.0000  J=[+0.0000  +0.0000  +0.2000  -1.6000  +0.0000]  W=[+0.0000  +0.0000  +0.0000  +0.0000]  grip=0
2026-06-10 17:34:09  DEBUG       T_se_actual   : p=[  0.3868   0.0000   0.5702]  R=[[ 0.170  0.000  0.985] [ 0.000  1.000  0.000] [-0.985  0.000  0.170]]
2026-06-10 17:34:09  DEBUG       T_se_ref(X_d) : p=[  0.3868   0.0000   0.5702]  R=[[ 0.170  0.000  0.985] [ 0.000  1.000  0.000] [-0.985  0.000  0.170]]
2026-06-10 17:34:09  DEBUG       X_err         : [+0.0000  +0.0000  +0.0000  -0.0000  +0.0000  +0.0000]  |Xerr|=  0.0000
2026-06-10 17:34:09  DEBUG       controls J_dot: [-0.0007  -0.0007  -0.0007  -0.0007  -0.0000]
2026-06-10 17:34:09  DEBUG       controls W_dot: [+0.0026  -0.0070  +0.0040  -0.0000]
2026-06-10 17:34:09  DEBUG       END   config  : φ=+0.0000 x=-0.0000 y=-0.0000  J=[-0.0000  +0.0000  +0.1999  -1.6000  -0.0000]  W=[-0.0000  -0.0000  -0.0000  -0.0000]  grip=0
2026-06-10 17:34:09  DEBUG     ─── step    1  t=  0.010 s ───────────────────────────────────────────
2026-06-10 17:34:09  DEBUG       START config  : φ=+0.0000 x=-0.0000 y=-0.0000  J=[-0.0000  +0.0000  +0.1999  -1.6000  -0.0000]  W=[-0.0000  -0.0000  -0.0000  -0.0000]  grip=0
2026-06-10 17:34:09  DEBUG       T_se_actual   : p=[  0.3868   0.0000   0.5702]  R=[[ 0.170 -0.000  0.985] [ 0.000  1.000  0.000] [-0.985  0.000  0.170]]
2026-06-10 17:34:09  DEBUG       T_se_ref(X_d) : p=[  0.3868   0.0000   0.5702]  R=[[ 0.170  0.000  0.985] [ 0.000  1.000  0.000] [-0.985  0.000  0.170]]
2026-06-10 17:34:09  DEBUG       X_err         : [+0.0000  +0.0000  +0.0000  -0.0000  -0.0000  +0.0000]  |Xerr|=  0.0000
2026-06-10 17:34:09  DEBUG       controls J_dot: [-0.0051  -0.0051  -0.0051  -0.0051  -0.0000]
2026-06-10 17:34:09  DEBUG       controls W_dot: [+0.0183  -0.0484  +0.0279  -0.0000]
2026-06-10 17:34:09  DEBUG       END   config  : φ=+0.0000 x=-0.0000 y=+0.0000  J=[-0.0000  +0.0002  +0.1994  -1.5997  -0.0000]  W=[-0.0001  -0.0001  -0.0001  -0.0001]  grip=0
2026-06-10 17:34:09  DEBUG     ─── step    2  t=  0.020 s ───────────────────────────────────────────
2026-06-10 17:34:09  DEBUG       START config  : φ=+0.0000 x=-0.0000 y=+0.0000  J=[-0.0000  +0.0002  +0.1994  -1.5997  -0.0000]  W=[-0.0001  -0.0001  -0.0001  -0.0001]  grip=0
2026-06-10 17:34:09  DEBUG       T_se_actual   : p=[  0.3868   0.0000   0.5702]  R=[[ 0.170 -0.000  0.985] [ 0.000  1.000  0.000] [-0.985  0.000  0.170]]
2026-06-10 17:34:09  DEBUG       T_se_ref(X_d) : p=[  0.3868   0.0000   0.5702]  R=[[ 0.170  0.000  0.985] [ 0.000  1.000  0.000] [-0.985  0.000  0.170]]
2026-06-10 17:34:09  DEBUG       X_err         : [+0.0000  -0.0000  -0.0000  -0.0000  -0.0000  +0.0000]  |Xerr|=  0.0000
2026-06-10 17:34:09  DEBUG       controls J_dot: [-0.0138  -0.0138  -0.0138  -0.0138  -0.0000]
2026-06-10 17:34:09  DEBUG       controls W_dot: [+0.0492  -0.1303  +0.0751  +0.0000]
2026-06-10 17:34:09  DEBUG       END   config  : φ=+0.0000 x=-0.0000 y=+0.0000  J=[-0.0000  +0.0007  +0.1981  -1.5989  +0.0000]  W=[-0.0002  -0.0002  -0.0002  -0.0002]  grip=0
2026-06-10 17:34:09  DEBUG     ─── step    3  t=  0.030 s ───────────────────────────────────────────
2026-06-10 17:34:09  DEBUG       START config  : φ=+0.0000 x=-0.0000 y=+0.0000  J=[-0.0000  +0.0007  +0.1981  -1.5989  +0.0000]  W=[-0.0002  -0.0002  -0.0002  -0.0002]  grip=0
2026-06-10 17:34:09  DEBUG       T_se_actual   : p=[  0.3869   0.0000   0.5702]  R=[[ 0.170 -0.000  0.985] [ 0.000  1.000  0.000] [-0.985  0.000  0.170]]
2026-06-10 17:34:09  DEBUG       T_se_ref(X_d) : p=[  0.3869   0.0000   0.5702]  R=[[ 0.170  0.000  0.985] [ 0.000  1.000  0.000] [-0.985  0.000  0.170]]
2026-06-10 17:34:09  DEBUG       X_err         : [+0.0000  +0.0000  +0.0000  -0.0000  -0.0000  +0.0000]  |Xerr|=  0.0000
2026-06-10 17:34:09  DEBUG       controls J_dot: [-0.0269  -0.0269  -0.0269  -0.0269  -0.0000]
2026-06-10 17:34:09  DEBUG       controls W_dot: [+0.0954  -0.2525  +0.1456  -0.0000]
2026-06-10 17:34:09  DEBUG       END   config  : φ=+0.0000 x=-0.0000 y=+0.0000  J=[-0.0000  +0.0017  +0.1956  -1.5975  +0.0000]  W=[-0.0005  -0.0005  -0.0005  -0.0005]  grip=0
2026-06-10 17:34:09  DEBUG     ─── step    4  t=  0.040 s ───────────────────────────────────────────
2026-06-10 17:34:09  DEBUG       START config  : φ=+0.0000 x=-0.0000 y=+0.0000  J=[-0.0000  +0.0017  +0.1956  -1.5975  +0.0000]  W=[-0.0005  -0.0005  -0.0005  -0.0005]  grip=0
2026-06-10 17:34:09  DEBUG       T_se_actual   : p=[  0.3869   0.0000   0.5702]  R=[[ 0.170 -0.000  0.985] [ 0.000  1.000  0.000] [-0.985  0.000  0.170]]
2026-06-10 17:34:09  DEBUG       T_se_ref(X_d) : p=[  0.3869   0.0000   0.5702]  R=[[ 0.170  0.000  0.985] [ 0.000  1.000  0.000] [-0.985  0.000  0.170]]
2026-06-10 17:34:09  DEBUG       X_err         : [+0.0000  +0.0000  +0.0000  -0.0000  -0.0000  +0.0000]  |Xerr|=  0.0000
2026-06-10 17:34:09  DEBUG       controls J_dot: [-0.0449  -0.0449  -0.0449  -0.0449  -0.0000]
2026-06-10 17:34:09  DEBUG       controls W_dot: [+0.1576  -0.4166  +0.2401  +0.0000]
2026-06-10 17:34:09  DEBUG       END   config  : φ=+0.0000 x=-0.0000 y=+0.0000  J=[-0.0000  +0.0032  +0.1915  -1.5951  +0.0000]  W=[-0.0009  -0.0009  -0.0009  -0.0009]  grip=0
2026-06-10 17:34:09  DEBUG     ─── step    5  t=  0.050 s ───────────────────────────────────────────
2026-06-10 17:34:09  DEBUG       START config  : φ=+0.0000 x=-0.0000 y=+0.0000  J=[-0.0000  +0.0032  +0.1915  -1.5951  +0.0000]  W=[-0.0009  -0.0009  -0.0009  -0.0009]  grip=0
2026-06-10 17:34:09  DEBUG       T_se_actual   : p=[  0.3870   0.0000   0.5703]  R=[[ 0.170 -0.000  0.986] [ 0.000  1.000  0.000] [-0.986  0.000  0.170]]
2026-06-10 17:34:09  DEBUG       T_se_ref(X_d) : p=[  0.3870   0.0000   0.5703]  R=[[ 0.170  0.000  0.986] [ 0.000  1.000  0.000] [-0.986  0.000  0.170]]
2026-06-10 17:34:09  DEBUG       X_err         : [+0.0000  +0.0000  +0.0000  -0.0000  -0.0000  +0.0000]  |Xerr|=  0.0000
2026-06-10 17:34:09  DEBUG       controls J_dot: [-0.0688  -0.0688  -0.0688  -0.0688  +0.0000]
2026-06-10 17:34:09  DEBUG       controls W_dot: [+0.2379  -0.6269  +0.3612  -0.0000]
2026-06-10 17:34:09  DEBUG       END   config  : φ=+0.0000 x=-0.0001 y=+0.0000  J=[-0.0000  +0.0056  +0.1852  -1.5915  -0.0000]  W=[-0.0016  -0.0016  -0.0016  -0.0016]  grip=0
2026-06-10 17:34:09  DEBUG     ─── step    6  t=  0.060 s ───────────────────────────────────────────
2026-06-10 17:34:09  DEBUG       START config  : φ=+0.0000 x=-0.0001 y=+0.0000  J=[-0.0000  +0.0056  +0.1852  -1.5915  -0.0000]  W=[-0.0016  -0.0016  -0.0016  -0.0016]  grip=0
2026-06-10 17:34:09  DEBUG       T_se_actual   : p=[  0.3871   0.0000   0.5703]  R=[[ 0.169 -0.000  0.986] [ 0.000  1.000  0.000] [-0.986  0.000  0.169]]
2026-06-10 17:34:09  DEBUG       T_se_ref(X_d) : p=[  0.3871   0.0000   0.5703]  R=[[ 0.169  0.000  0.986] [ 0.000  1.000  0.000] [-0.986  0.000  0.169]]
2026-06-10 17:34:09  DEBUG       X_err         : [+0.0000  +0.0000  +0.0000  -0.0000  -0.0000  +0.0000]  |Xerr|=  0.0000
2026-06-10 17:34:09  DEBUG       controls J_dot: [-0.1010  -0.1010  -0.1010  -0.1010  +0.0000]
2026-06-10 17:34:09  DEBUG       controls W_dot: [+0.3401  -0.8924  +0.5140  -0.0000]
2026-06-10 17:34:09  DEBUG       END   config  : φ=-0.0000 x=-0.0001 y=+0.0000  J=[+0.0000  +0.0090  +0.1763  -1.5863  -0.0000]  W=[-0.0026  -0.0026  -0.0026  -0.0026]  grip=0
2026-06-10 17:34:09  DEBUG     ─── step    7  t=  0.070 s ───────────────────────────────────────────
2026-06-10 17:34:09  DEBUG       START config  : φ=-0.0000 x=-0.0001 y=+0.0000  J=[+0.0000  +0.0090  +0.1763  -1.5863  -0.0000]  W=[-0.0026  -0.0026  -0.0026  -0.0026]  grip=0
2026-06-10 17:34:09  DEBUG       T_se_actual   : p=[  0.3873  -0.0000   0.5703]  R=[[ 0.169  0.000  0.986] [-0.000  1.000 -0.000] [-0.986  0.000  0.169]]
2026-06-10 17:34:09  DEBUG       T_se_ref(X_d) : p=[  0.3873   0.0000   0.5703]  R=[[ 0.169  0.000  0.986] [ 0.000  1.000  0.000] [-0.986  0.000  0.169]]
2026-06-10 17:34:09  DEBUG       X_err         : [+0.0000  +0.0000  +0.0000  -0.0000  +0.0000  +0.0000]  |Xerr|=  0.0000
2026-06-10 17:34:09  DEBUG       controls J_dot: [-0.1456  -0.1456  -0.1456  -0.1456  -0.0000]
2026-06-10 17:34:09  DEBUG       controls W_dot: [+0.4713  -1.2294  +0.7078  +0.0000]
2026-06-10 17:34:09  DEBUG       END   config  : φ=-0.0000 x=-0.0002 y=+0.0000  J=[+0.0000  +0.0137  +0.1640  -1.5792  -0.0000]  W=[-0.0041  -0.0041  -0.0041  -0.0041]  grip=0
2026-06-10 17:34:09  DEBUG     ─── step    8  t=  0.080 s ───────────────────────────────────────────
2026-06-10 17:34:09  DEBUG       START config  : φ=-0.0000 x=-0.0002 y=+0.0000  J=[+0.0000  +0.0137  +0.1640  -1.5792  -0.0000]  W=[-0.0041  -0.0041  -0.0041  -0.0041]  grip=0
2026-06-10 17:34:09  DEBUG       T_se_actual   : p=[  0.3875  -0.0000   0.5704]  R=[[ 0.168  0.000  0.986] [-0.000  1.000 -0.000] [-0.986  0.000  0.168]]
2026-06-10 17:34:09  DEBUG       T_se_ref(X_d) : p=[  0.3875   0.0000   0.5704]  R=[[ 0.168  0.000  0.986] [ 0.000  1.000  0.000] [-0.986  0.000  0.168]]
2026-06-10 17:34:09  DEBUG       X_err         : [+0.0000  +0.0000  +0.0000  -0.0000  +0.0000  +0.0000]  |Xerr|=  0.0000
2026-06-10 17:34:09  DEBUG       controls J_dot: [-0.2114  -0.2114  -0.2114  -0.2114  +0.0000]
2026-06-10 17:34:09  DEBUG       controls W_dot: [+0.6445  -1.6688  +0.9605  +0.0000]
2026-06-10 17:34:09  DEBUG       END   config  : φ=-0.0000 x=-0.0003 y=+0.0000  J=[+0.0000  +0.0202  +0.1473  -1.5696  -0.0000]  W=[-0.0062  -0.0062  -0.0062  -0.0062]  grip=0
2026-06-10 17:34:09  DEBUG     ─── step    9  t=  0.090 s ───────────────────────────────────────────
2026-06-10 17:34:09  DEBUG       START config  : φ=-0.0000 x=-0.0003 y=+0.0000  J=[+0.0000  +0.0202  +0.1473  -1.5696  -0.0000]  W=[-0.0062  -0.0062  -0.0062  -0.0062]  grip=0
2026-06-10 17:34:09  DEBUG       T_se_actual   : p=[  0.3878  -0.0000   0.5705]  R=[[ 0.168  0.000  0.986] [-0.000  1.000 -0.000] [-0.986  0.000  0.168]]
2026-06-10 17:34:09  DEBUG       T_se_ref(X_d) : p=[  0.3878   0.0000   0.5705]  R=[[ 0.168  0.000  0.986] [ 0.000  1.000  0.000] [-0.986  0.000  0.168]]
2026-06-10 17:34:09  DEBUG       X_err         : [+0.0000  +0.0000  +0.0000  -0.0000  +0.0000  +0.0000]  |Xerr|=  0.0000
2026-06-10 17:34:09  DEBUG       controls J_dot: [-0.3181  -0.3181  -0.3181  -0.3181  +0.0000]
2026-06-10 17:34:09  DEBUG       controls W_dot: [+0.8856  -2.2731  +1.3087  +0.0000]
2026-06-10 17:34:09  DEBUG       END   config  : φ=-0.0000 x=-0.0004 y=+0.0000  J=[+0.0000  +0.0290  +0.1245  -1.5565  -0.0000]  W=[-0.0094  -0.0094  -0.0094  -0.0094]  grip=0
2026-06-10 17:34:09  DEBUG     ─── step   10  t=  0.100 s ───────────────────────────────────────────
2026-06-10 17:34:09  DEBUG       START config  : φ=-0.0000 x=-0.0004 y=+0.0000  J=[+0.0000  +0.0290  +0.1245  -1.5565  -0.0000]  W=[-0.0094  -0.0094  -0.0094  -0.0094]  grip=0
2026-06-10 17:34:09  DEBUG       T_se_actual   : p=[  0.3881  -0.0000   0.5706]  R=[[ 0.167  0.000  0.986] [-0.000  1.000 -0.000] [-0.986  0.000  0.167]]
2026-06-10 17:34:09  DEBUG       T_se_ref(X_d) : p=[  0.3881   0.0000   0.5706]  R=[[ 0.167  0.000  0.986] [ 0.000  1.000  0.000] [-0.986  0.000  0.167]]
2026-06-10 17:34:09  DEBUG       X_err         : [+0.0000  +0.0000  +0.0000  -0.0000  +0.0000  +0.0000]  |Xerr|=  0.0000
2026-06-10 17:34:09  DEBUG       controls J_dot: [-0.5222  -0.5222  -0.5222  -0.5222  +0.0000]
2026-06-10 17:34:09  DEBUG       controls W_dot: [+1.2531  -3.1870  +1.8388  -0.0000]
2026-06-10 17:34:09  DEBUG       END   config  : φ=-0.0000 x=-0.0007 y=+0.0000  J=[+0.0000  +0.0416  +0.0927  -1.5382  -0.0000]  W=[-0.0146  -0.0146  -0.0146  -0.0146]  grip=0
2026-06-10 17:34:09  DEBUG     ─── step   11  t=  0.110 s ───────────────────────────────────────────
2026-06-10 17:34:09  DEBUG       START config  : φ=-0.0000 x=-0.0007 y=+0.0000  J=[+0.0000  +0.0416  +0.0927  -1.5382  -0.0000]  W=[-0.0146  -0.0146  -0.0146  -0.0146]  grip=0
2026-06-10 17:34:09  DEBUG       T_se_actual   : p=[  0.3886  -0.0000   0.5707]  R=[[ 0.166  0.000  0.986] [-0.000  1.000 -0.000] [-0.986  0.000  0.166]]
2026-06-10 17:34:09  DEBUG       T_se_ref(X_d) : p=[  0.3886   0.0000   0.5708]  R=[[ 0.166  0.000  0.986] [ 0.000  1.000  0.000] [-0.986  0.000  0.166]]
2026-06-10 17:34:09  DEBUG       X_err         : [+0.0000  +0.0000  +0.0000  -0.0001  +0.0000  +0.0000]  |Xerr|=  0.0001
2026-06-10 17:34:09  DEBUG       controls J_dot: [-1.0490  -1.0490  -1.0490  -1.0490  -0.0000]
2026-06-10 17:34:09  DEBUG       controls W_dot: [+1.9078  -4.8346  +2.8143  +0.0000]
2026-06-10 17:34:09  DEBUG       END   config  : φ=-0.0000 x=-0.0012 y=-0.0000  J=[+0.0000  +0.0606  +0.0443  -1.5100  -0.0000]  W=[-0.0251  -0.0251  -0.0251  -0.0251]  grip=0
2026-06-10 17:34:09  DEBUG     ─── step   12  t=  0.120 s ───────────────────────────────────────────
2026-06-10 17:34:09  DEBUG       START config  : φ=-0.0000 x=-0.0012 y=-0.0000  J=[+0.0000  +0.0606  +0.0443  -1.5100  -0.0000]  W=[-0.0251  -0.0251  -0.0251  -0.0251]  grip=0
2026-06-10 17:34:09  DEBUG       T_se_actual   : p=[  0.3891  -0.0000   0.5708]  R=[[ 0.165  0.000  0.986] [-0.000  1.000 -0.000] [-0.986  0.000  0.165]]
2026-06-10 17:34:09  DEBUG       T_se_ref(X_d) : p=[  0.3891   0.0000   0.5709]  R=[[ 0.165  0.000  0.986] [ 0.000  1.000  0.000] [-0.986  0.000  0.165]]
2026-06-10 17:34:09  DEBUG       X_err         : [+0.0000  +0.0000  +0.0000  -0.0002  +0.0000  +0.0000]  |Xerr|=  0.0002
2026-06-10 17:34:09  DEBUG       controls J_dot: [-3.8579  -3.8579  -3.8579  -3.8579  -0.0000]
2026-06-10 17:34:09  DEBUG       controls W_dot: [+3.2301  -8.7200  +5.3585  -0.0000]
2026-06-10 17:34:09  DEBUG       END   config  : φ=+0.0000 x=-0.0030 y=+0.0000  J=[-0.0000  +0.0929  -0.0429  -1.4564  -0.0000]  W=[-0.0637  -0.0637  -0.0637  -0.0637]  grip=0
2026-06-10 17:34:09  DEBUG     ─── step   13  t=  0.130 s ───────────────────────────────────────────
2026-06-10 17:34:09  DEBUG       START config  : φ=+0.0000 x=-0.0030 y=+0.0000  J=[-0.0000  +0.0929  -0.0429  -1.4564  -0.0000]  W=[-0.0637  -0.0637  -0.0637  -0.0637]  grip=0
2026-06-10 17:34:09  DEBUG       T_se_actual   : p=[  0.3897   0.0000   0.5707]  R=[[ 0.164 -0.000  0.987] [ 0.000  1.000  0.000] [-0.987  0.000  0.164]]
2026-06-10 17:34:09  DEBUG       T_se_ref(X_d) : p=[  0.3897   0.0000   0.5711]  R=[[ 0.164  0.000  0.987] [ 0.000  1.000  0.000] [-0.987  0.000  0.164]]
2026-06-10 17:34:09  DEBUG       X_err         : [+0.0000  +0.0000  +0.0000  -0.0004  -0.0000  +0.0000]  |Xerr|=  0.0004
2026-06-10 17:34:09  DEBUG       controls J_dot: [-4.5706  -4.5706  -4.5706  -4.5706  -0.0000]
2026-06-10 17:34:09  DEBUG       controls W_dot: [-6.0767  +10.9599  -5.0346  +0.0000]
2026-06-10 17:34:09  DEBUG       END   config  : φ=+0.0000 x=-0.0052 y=+0.0000  J=[-0.0000  +0.0322  +0.0667  -1.5068  -0.0000]  W=[-0.1094  -0.1094  -0.1094  -0.1094]  grip=0
2026-06-10 17:34:10  DEBUG     ─── step   14  t=  0.140 s ───────────────────────────────────────────
2026-06-10 17:34:10  DEBUG       START config  : φ=+0.0000 x=-0.0052 y=+0.0000  J=[-0.0000  +0.0322  +0.0667  -1.5068  -0.0000]  W=[-0.1094  -0.1094  -0.1094  -0.1094]  grip=0
2026-06-10 17:34:10  DEBUG       T_se_actual   : p=[  0.3904   0.0000   0.5705]  R=[[ 0.162 -0.000  0.987] [ 0.000  1.000  0.000] [-0.987  0.000  0.162]]
2026-06-10 17:34:10  DEBUG       T_se_ref(X_d) : p=[  0.3903   0.0000   0.5713]  R=[[ 0.162  0.000  0.987] [ 0.000  1.000  0.000] [-0.987  0.000  0.162]]
2026-06-10 17:34:10  DEBUG       X_err         : [+0.0000  +0.0000  +0.0000  -0.0009  -0.0000  +0.0001]  |Xerr|=  0.0009
2026-06-10 17:34:10  DEBUG       controls J_dot: [-2.3593  -2.3593  -2.3593  -2.3593  +0.0000]
2026-06-10 17:34:10  DEBUG       controls W_dot: [+4.2096  -10.4270  +6.0449  +0.0000]
2026-06-10 17:34:10  DEBUG       END   config  : φ=-0.0000 x=-0.0063 y=+0.0000  J=[-0.0000  +0.0743  -0.0375  -1.4463  +0.0000]  W=[-0.1330  -0.1330  -0.1330  -0.1330]  grip=0
2026-06-10 17:34:10  DEBUG     ─── step   15  t=  0.150 s ───────────────────────────────────────────
2026-06-10 17:34:10  DEBUG       START config  : φ=-0.0000 x=-0.0063 y=+0.0000  J=[-0.0000  +0.0743  -0.0375  -1.4463  +0.0000]  W=[-0.1330  -0.1330  -0.1330  -0.1330]  grip=0
2026-06-10 17:34:10  DEBUG       T_se_actual   : p=[  0.3912   0.0000   0.5703]  R=[[ 0.160  0.000  0.987] [-0.000  1.000 -0.000] [-0.987  0.000  0.160]]
2026-06-10 17:34:10  DEBUG       T_se_ref(X_d) : p=[  0.3911   0.0000   0.5716]  R=[[ 0.160  0.000  0.987] [ 0.000  1.000  0.000] [-0.987  0.000  0.160]]
2026-06-10 17:34:10  DEBUG       X_err         : [+0.0000  +0.0000  +0.0000  -0.0013  -0.0000  +0.0001]  |Xerr|=  0.0013
2026-06-10 17:34:10  DEBUG       controls J_dot: [-6.5046  -6.5046  -6.5046  -6.5046  +0.0000]
2026-06-10 17:34:10  DEBUG       controls W_dot: [-9.5160  +17.5345  -8.2131  +0.0000]
2026-06-10 17:34:10  DEBUG       END   config  : φ=-0.0000 x=-0.0094 y=+0.0000  J=[-0.0000  -0.0209  +0.1378  -1.5285  +0.0000]  W=[-0.1980  -0.1980  -0.1980  -0.1980]  grip=0
2026-06-10 17:34:10  DEBUG     ─── step   16  t=  0.160 s ───────────────────────────────────────────
2026-06-10 17:34:10  DEBUG       START config  : φ=-0.0000 x=-0.0094 y=+0.0000  J=[-0.0000  -0.0209  +0.1378  -1.5285  +0.0000]  W=[-0.1980  -0.1980  -0.1980  -0.1980]  grip=0
2026-06-10 17:34:10  DEBUG       T_se_actual   : p=[  0.3921   0.0000   0.5695]  R=[[ 0.159  0.000  0.987] [-0.000  1.000 -0.000] [-0.987  0.000  0.159]]
2026-06-10 17:34:10  DEBUG       T_se_ref(X_d) : p=[  0.3920   0.0000   0.5719]  R=[[ 0.159  0.000  0.987] [ 0.000  1.000  0.000] [-0.987  0.000  0.159]]
2026-06-10 17:34:10  DEBUG       X_err         : [-0.0000  +0.0000  +0.0000  -0.0024  -0.0000  +0.0002]  |Xerr|=  0.0024
2026-06-10 17:34:10  DEBUG       controls J_dot: [-0.5190  -0.5190  -0.5190  -0.5190  -0.0000]
2026-06-10 17:34:10  DEBUG       controls W_dot: [+3.0029  -7.3260  +4.1053  +0.0000]
2026-06-10 17:34:10  DEBUG       END   config  : φ=-0.0000 x=-0.0097 y=+0.0000  J=[-0.0000  +0.0091  +0.0645  -1.4874  +0.0000]  W=[-0.2032  -0.2032  -0.2032  -0.2032]  grip=0
2026-06-10 17:34:10  DEBUG     ─── step   17  t=  0.170 s ───────────────────────────────────────────
2026-06-10 17:34:10  DEBUG       START config  : φ=-0.0000 x=-0.0097 y=+0.0000  J=[-0.0000  +0.0091  +0.0645  -1.4874  +0.0000]  W=[-0.2032  -0.2032  -0.2032  -0.2032]  grip=0
2026-06-10 17:34:10  DEBUG       T_se_actual   : p=[  0.3931   0.0000   0.5696]  R=[[ 0.156  0.000  0.988] [-0.000  1.000 -0.000] [-0.988  0.000  0.156]]
2026-06-10 17:34:10  DEBUG       T_se_ref(X_d) : p=[  0.3930   0.0000   0.5722]  R=[[ 0.156  0.000  0.988] [ 0.000  1.000  0.000] [-0.988  0.000  0.156]]
2026-06-10 17:34:10  DEBUG       X_err         : [+0.0000  +0.0000  +0.0000  -0.0026  -0.0000  +0.0003]  |Xerr|=  0.0026
2026-06-10 17:34:10  DEBUG       controls J_dot: [-2.3997  -2.3997  -2.3997  -2.3997  -0.0000]
2026-06-10 17:34:10  DEBUG       controls W_dot: [+7.0247  -16.6988  +9.4322  +0.0000]
2026-06-10 17:34:10  DEBUG       END   config  : φ=-0.0000 x=-0.0108 y=+0.0000  J=[-0.0000  +0.0794  -0.1024  -1.3931  +0.0000]  W=[-0.2272  -0.2272  -0.2272  -0.2272]  grip=0
2026-06-10 17:34:10  DEBUG     ─── step   18  t=  0.180 s ───────────────────────────────────────────
2026-06-10 17:34:10  DEBUG       START config  : φ=-0.0000 x=-0.0108 y=+0.0000  J=[-0.0000  +0.0794  -0.1024  -1.3931  +0.0000]  W=[-0.2272  -0.2272  -0.2272  -0.2272]  grip=0
2026-06-10 17:34:10  DEBUG       T_se_actual   : p=[  0.3942   0.0000   0.5689]  R=[[ 0.154  0.000  0.988] [-0.000  1.000 -0.000] [-0.988  0.000  0.154]]
2026-06-10 17:34:10  DEBUG       T_se_ref(X_d) : p=[  0.3940   0.0000   0.5725]  R=[[ 0.154  0.000  0.988] [ 0.000  1.000  0.000] [-0.988  0.000  0.154]]
2026-06-10 17:34:10  DEBUG       X_err         : [+0.0000  +0.0000  +0.0000  -0.0036  -0.0000  +0.0004]  |Xerr|=  0.0036
2026-06-10 17:34:10  DEBUG       controls J_dot: [-0.9371  -0.9371  -0.9371  -0.9371  -0.0000]
2026-06-10 17:34:10  DEBUG       controls W_dot: [-6.2056  +12.1654  -6.2267  -0.0000]
2026-06-10 17:34:10  DEBUG       END   config  : φ=-0.0000 x=-0.0112 y=+0.0000  J=[-0.0000  +0.0173  +0.0192  -1.4554  +0.0000]  W=[-0.2366  -0.2366  -0.2366  -0.2366]  grip=0
2026-06-10 17:34:10  DEBUG     ─── step   19  t=  0.190 s ───────────────────────────────────────────
2026-06-10 17:34:10  DEBUG       START config  : φ=-0.0000 x=-0.0112 y=+0.0000  J=[-0.0000  +0.0173  +0.0192  -1.4554  +0.0000]  W=[-0.2366  -0.2366  -0.2366  -0.2366]  grip=0
2026-06-10 17:34:10  DEBUG       T_se_actual   : p=[  0.3954   0.0000   0.5687]  R=[[ 0.151  0.000  0.988] [-0.000  1.000 -0.000] [-0.988  0.000  0.151]]
2026-06-10 17:34:10  DEBUG       T_se_ref(X_d) : p=[  0.3952   0.0000   0.5729]  R=[[ 0.151  0.000  0.988] [ 0.000  1.000  0.000] [-0.988  0.000  0.151]]
2026-06-10 17:34:10  DEBUG       X_err         : [+0.0000  +0.0000  +0.0000  -0.0041  -0.0000  +0.0004]  |Xerr|=  0.0042
2026-06-10 17:34:10  DEBUG       controls J_dot: [-18.4725  -18.4725  -18.4725  -18.4725  -0.0000]
2026-06-10 17:34:10  DEBUG       controls W_dot: [+22.5534  -55.8603  +33.0141  +0.0000]
2026-06-10 17:34:10  DEBUG       END   config  : φ=+0.0000 x=-0.0200 y=-0.0000  J=[-0.0000  +0.2429  -0.5394  -1.1252  +0.0000]  W=[-0.4213  -0.4213  -0.4213  -0.4213]  grip=0
2026-06-10 17:34:10  DEBUG     ─── step   20  t=  0.200 s ───────────────────────────────────────────
2026-06-10 17:34:10  DEBUG       START config  : φ=+0.0000 x=-0.0200 y=-0.0000  J=[-0.0000  +0.2429  -0.5394  -1.1252  +0.0000]  W=[-0.4213  -0.4213  -0.4213  -0.4213]  grip=0
2026-06-10 17:34:10  DEBUG       T_se_actual   : p=[  0.3966   0.0000   0.5578]  R=[[ 0.149 -0.000  0.989] [ 0.000  1.000  0.000] [-0.989  0.000  0.149]]
2026-06-10 17:34:10  DEBUG       T_se_ref(X_d) : p=[  0.3966   0.0000   0.5733]  R=[[ 0.149  0.000  0.989] [ 0.000  1.000  0.000] [-0.989  0.000  0.149]]
2026-06-10 17:34:10  DEBUG       X_err         : [+0.0000  +0.0000  +0.0000  -0.0154  -0.0000  +0.0023]  |Xerr|=  0.0155
2026-06-10 17:34:10  DEBUG       controls J_dot: [+0.0265  +0.0265  +0.0265  +0.0265  +0.0000]
2026-06-10 17:34:10  DEBUG       controls W_dot: [-1.8217  +2.9598  -1.4574  +0.0000]
2026-06-10 17:34:10  DEBUG       END   config  : φ=+0.0000 x=-0.0200 y=-0.0000  J=[-0.0000  +0.2246  -0.5098  -1.1398  +0.0000]  W=[-0.4210  -0.4210  -0.4210  -0.4210]  grip=0
2026-06-10 17:34:10  DEBUG     ─── step   21  t=  0.210 s ───────────────────────────────────────────
2026-06-10 17:34:10  DEBUG       START config  : φ=+0.0000 x=-0.0200 y=-0.0000  J=[-0.0000  +0.2246  -0.5098  -1.1398  +0.0000]  W=[-0.4210  -0.4210  -0.4210  -0.4210]  grip=0
2026-06-10 17:34:10  DEBUG       T_se_actual   : p=[  0.3979   0.0000   0.5582]  R=[[ 0.145 -0.000  0.989] [ 0.000  1.000  0.000] [-0.989  0.000  0.145]]
2026-06-10 17:34:10  DEBUG       T_se_ref(X_d) : p=[  0.3980   0.0000   0.5737]  R=[[ 0.145  0.000  0.989] [ 0.000  1.000  0.000] [-0.989  0.000  0.145]]
2026-06-10 17:34:10  DEBUG       X_err         : [+0.0000  +0.0000  +0.0000  -0.0154  -0.0000  +0.0023]  |Xerr|=  0.0156
2026-06-10 17:34:10  DEBUG       controls J_dot: [+0.0370  +0.0370  +0.0370  +0.0370  -0.0000]
2026-06-10 17:34:10  DEBUG       controls W_dot: [-2.0614  +3.4003  -1.6856  +0.0000]
2026-06-10 17:34:10  DEBUG       END   config  : φ=+0.0000 x=-0.0200 y=-0.0000  J=[-0.0000  +0.2040  -0.4758  -1.1566  +0.0000]  W=[-0.4206  -0.4206  -0.4206  -0.4206]  grip=0
2026-06-10 17:34:10  DEBUG     ─── step   22  t=  0.220 s ───────────────────────────────────────────
2026-06-10 17:34:10  DEBUG       START config  : φ=+0.0000 x=-0.0200 y=-0.0000  J=[-0.0000  +0.2040  -0.4758  -1.1566  +0.0000]  W=[-0.4206  -0.4206  -0.4206  -0.4206]  grip=0
2026-06-10 17:34:10  DEBUG       T_se_actual   : p=[  0.3995   0.0000   0.5586]  R=[[ 0.142 -0.000  0.990] [ 0.000  1.000  0.000] [-0.990  0.000  0.142]]
2026-06-10 17:34:10  DEBUG       T_se_ref(X_d) : p=[  0.3996   0.0000   0.5742]  R=[[ 0.142  0.000  0.990] [ 0.000  1.000  0.000] [-0.990  0.000  0.142]]
2026-06-10 17:34:10  DEBUG       X_err         : [+0.0000  +0.0000  +0.0000  -0.0154  -0.0000  +0.0023]  |Xerr|=  0.0156
2026-06-10 17:34:10  DEBUG       controls J_dot: [+0.0524  +0.0524  +0.0524  +0.0524  +0.0000]
2026-06-10 17:34:10  DEBUG       controls W_dot: [-2.3461  +3.9381  -1.9668  +0.0000]
2026-06-10 17:34:10  DEBUG       END   config  : φ=+0.0000 x=-0.0200 y=-0.0000  J=[-0.0000  +0.1806  -0.4364  -1.1763  +0.0000]  W=[-0.4201  -0.4201  -0.4201  -0.4201]  grip=0
2026-06-10 17:34:10  DEBUG     ─── step   23  t=  0.230 s ───────────────────────────────────────────
2026-06-10 17:34:10  DEBUG       START config  : φ=+0.0000 x=-0.0200 y=-0.0000  J=[-0.0000  +0.1806  -0.4364  -1.1763  +0.0000]  W=[-0.4201  -0.4201  -0.4201  -0.4201]  grip=0
2026-06-10 17:34:10  DEBUG       T_se_actual   : p=[  0.4011   0.0000   0.5591]  R=[[ 0.138 -0.000  0.990] [ 0.000  1.000  0.000] [-0.990  0.000  0.138]]
2026-06-10 17:34:10  DEBUG       T_se_ref(X_d) : p=[  0.4013   0.0000   0.5747]  R=[[ 0.138  0.000  0.990] [ 0.000  1.000  0.000] [-0.990  0.000  0.138]]
2026-06-10 17:34:10  DEBUG       X_err         : [+0.0000  +0.0000  +0.0000  -0.0155  -0.0000  +0.0023]  |Xerr|=  0.0157
2026-06-10 17:34:10  DEBUG       controls J_dot: [+0.0760  +0.0760  +0.0760  +0.0760  +0.0000]
2026-06-10 17:34:10  DEBUG       controls W_dot: [-2.6977  +4.6216  -2.3275  +0.0000]
2026-06-10 17:34:10  DEBUG       END   config  : φ=+0.0000 x=-0.0199 y=-0.0000  J=[-0.0000  +0.1536  -0.3902  -1.1996  +0.0000]  W=[-0.4194  -0.4194  -0.4194  -0.4194]  grip=0
2026-06-10 17:34:10  DEBUG     ─── step   24  t=  0.240 s ───────────────────────────────────────────
2026-06-10 17:34:10  DEBUG       START config  : φ=+0.0000 x=-0.0199 y=-0.0000  J=[-0.0000  +0.1536  -0.3902  -1.1996  +0.0000]  W=[-0.4194  -0.4194  -0.4194  -0.4194]  grip=0
2026-06-10 17:34:10  DEBUG       T_se_actual   : p=[  0.4028   0.0000   0.5595]  R=[[ 0.134 -0.000  0.991] [ 0.000  1.000  0.000] [-0.991  0.000  0.134]]
2026-06-10 17:34:10  DEBUG       T_se_ref(X_d) : p=[  0.4031   0.0000   0.5752]  R=[[ 0.134  0.000  0.991] [ 0.000  1.000  0.000] [-0.991  0.000  0.134]]
2026-06-10 17:34:10  DEBUG       X_err         : [+0.0000  +0.0000  +0.0000  -0.0156  -0.0000  +0.0023]  |Xerr|=  0.0157
2026-06-10 17:34:10  DEBUG       controls J_dot: [+0.1150  +0.1150  +0.1150  +0.1150  -0.0000]
2026-06-10 17:34:10  DEBUG       controls W_dot: [-3.1575  +5.5422  -2.8176  +0.0000]
2026-06-10 17:34:10  DEBUG       END   config  : φ=+0.0000 x=-0.0199 y=-0.0000  J=[-0.0000  +0.1220  -0.3348  -1.2278  +0.0000]  W=[-0.4182  -0.4182  -0.4182  -0.4182]  grip=0
2026-06-10 17:34:10  DEBUG     ─── step   25  t=  0.250 s ───────────────────────────────────────────
2026-06-10 17:34:10  DEBUG       START config  : φ=+0.0000 x=-0.0199 y=-0.0000  J=[-0.0000  +0.1220  -0.3348  -1.2278  +0.0000]  W=[-0.4182  -0.4182  -0.4182  -0.4182]  grip=0
2026-06-10 17:34:10  DEBUG       T_se_actual   : p=[  0.4047   0.0000   0.5600]  R=[[ 0.130 -0.000  0.992] [ 0.000  1.000  0.000] [-0.992  0.000  0.130]]
2026-06-10 17:34:10  DEBUG       T_se_ref(X_d) : p=[  0.4050   0.0000   0.5758]  R=[[ 0.130  0.000  0.992] [ 0.000  1.000  0.000] [-0.992  0.000  0.130]]
2026-06-10 17:34:10  DEBUG       X_err         : [+0.0000  +0.0000  +0.0000  -0.0157  -0.0000  +0.0024]  |Xerr|=  0.0158
2026-06-10 17:34:10  DEBUG       controls J_dot: [+0.1872  +0.1872  +0.1872  +0.1872  +0.0000]
2026-06-10 17:34:10  DEBUG       controls W_dot: [-3.8153  +6.8991  -3.5465  -0.0000]
2026-06-10 17:34:10  DEBUG       END   config  : φ=+0.0000 x=-0.0198 y=-0.0000  J=[-0.0000  +0.0839  -0.2658  -1.2632  +0.0000]  W=[-0.4163  -0.4163  -0.4163  -0.4163]  grip=0
2026-06-10 17:34:10  DEBUG     ─── step   26  t=  0.260 s ───────────────────────────────────────────
2026-06-10 17:34:10  DEBUG       START config  : φ=+0.0000 x=-0.0198 y=-0.0000  J=[-0.0000  +0.0839  -0.2658  -1.2632  +0.0000]  W=[-0.4163  -0.4163  -0.4163  -0.4163]  grip=0
2026-06-10 17:34:10  DEBUG       T_se_actual   : p=[  0.4067   0.0000   0.5604]  R=[[ 0.125 -0.000  0.992] [ 0.000  1.000  0.000] [-0.992  0.000  0.125]]
2026-06-10 17:34:10  DEBUG       T_se_ref(X_d) : p=[  0.4071   0.0000   0.5764]  R=[[ 0.125  0.000  0.992] [ 0.000  1.000  0.000] [-0.992  0.000  0.125]]
2026-06-10 17:34:10  DEBUG       X_err         : [+0.0000  +0.0000  +0.0000  -0.0158  -0.0000  +0.0024]  |Xerr|=  0.0160
2026-06-10 17:34:10  DEBUG       controls J_dot: [+0.3527  +0.3527  +0.3527  +0.3527  +0.0000]
2026-06-10 17:34:10  DEBUG       controls W_dot: [-4.9163  +9.2402  -4.8169  +0.0000]
2026-06-10 17:34:10  DEBUG       END   config  : φ=+0.0000 x=-0.0196 y=-0.0000  J=[-0.0000  +0.0347  -0.1734  -1.3114  +0.0000]  W=[-0.4128  -0.4128  -0.4128  -0.4128]  grip=0
2026-06-10 17:34:10  DEBUG     ─── step   27  t=  0.270 s ───────────────────────────────────────────
2026-06-10 17:34:10  DEBUG       START config  : φ=+0.0000 x=-0.0196 y=-0.0000  J=[-0.0000  +0.0347  -0.1734  -1.3114  +0.0000]  W=[-0.4128  -0.4128  -0.4128  -0.4128]  grip=0
2026-06-10 17:34:10  DEBUG       T_se_actual   : p=[  0.4089   0.0000   0.5607]  R=[[ 0.120 -0.000  0.993] [ 0.000  1.000  0.000] [-0.993  0.000  0.120]]
2026-06-10 17:34:10  DEBUG       T_se_ref(X_d) : p=[  0.4094   0.0000   0.5770]  R=[[ 0.120  0.000  0.993] [ 0.000  1.000  0.000] [-0.993  0.000  0.120]]
2026-06-10 17:34:10  DEBUG       X_err         : [+0.0000  +0.0000  +0.0000  -0.0161  -0.0000  +0.0024]  |Xerr|=  0.0163
2026-06-10 17:34:10  DEBUG       controls J_dot: [+0.9725  +0.9725  +0.9725  +0.9725  +0.0000]
2026-06-10 17:34:10  DEBUG       controls W_dot: [-7.5031  +14.9309  -7.9515  +0.0000]
2026-06-10 17:34:10  DEBUG       END   config  : φ=+0.0000 x=-0.0191 y=-0.0000  J=[-0.0000  -0.0403  -0.0241  -1.3909  +0.0000]  W=[-0.4031  -0.4031  -0.4031  -0.4031]  grip=0
2026-06-10 17:34:10  DEBUG     ─── step   28  t=  0.280 s ───────────────────────────────────────────
2026-06-10 17:34:10  DEBUG       START config  : φ=+0.0000 x=-0.0191 y=-0.0000  J=[-0.0000  -0.0403  -0.0241  -1.3909  +0.0000]  W=[-0.4031  -0.4031  -0.4031  -0.4031]  grip=0
2026-06-10 17:34:10  DEBUG       T_se_actual   : p=[  0.4111   0.0000   0.5606]  R=[[ 0.115 -0.000  0.993] [ 0.000  1.000  0.000] [-0.993  0.000  0.115]]
2026-06-10 17:34:10  DEBUG       T_se_ref(X_d) : p=[  0.4117   0.0000   0.5777]  R=[[ 0.115  0.000  0.993] [ 0.000  1.000  0.000] [-0.993  0.000  0.115]]
2026-06-10 17:34:10  DEBUG       X_err         : [+0.0000  +0.0000  +0.0000  -0.0169  -0.0000  +0.0026]  |Xerr|=  0.0171
2026-06-10 17:34:10  DEBUG       controls J_dot: [+104.0619  +104.0619  +104.0619  +104.0619  +0.0000]
2026-06-10 17:34:10  DEBUG       controls W_dot: [+30.9218  -31.4768  +0.0000  -0.0000]
2026-06-10 17:34:10  DEBUG       END   config  : φ=-0.0000 x=+0.0303 y=-0.0000  J=[+0.0000  +0.2689  -0.3388  -1.3909  -0.0000]  W=[+0.6375  +0.6375  +0.6375  +0.6375]  grip=0
2026-06-10 17:34:10  DEBUG     ─── step   29  t=  0.290 s ───────────────────────────────────────────
2026-06-10 17:34:10  DEBUG       START config  : φ=-0.0000 x=+0.0303 y=-0.0000  J=[+0.0000  +0.2689  -0.3388  -1.3909  -0.0000]  W=[+0.6375  +0.6375  +0.6375  +0.6375]  grip=0
2026-06-10 17:34:10  DEBUG       T_se_actual   : p=[  0.4140  -0.0000   0.5539]  R=[[ 0.110  0.000  0.994] [-0.000  1.000 -0.000] [-0.994  0.000  0.110]]
2026-06-10 17:34:10  DEBUG       T_se_ref(X_d) : p=[  0.4143   0.0000   0.5784]  R=[[ 0.110  0.000  0.994] [ 0.000  1.000  0.000] [-0.994  0.000  0.110]]
2026-06-10 17:34:10  DEBUG       X_err         : [+0.0000  +0.0000  +0.0000  -0.0243  +0.0000  +0.0029]  |Xerr|=  0.0245
2026-06-10 17:34:10  DEBUG       controls J_dot: [-0.5344  -0.5344  -0.5344  -0.5344  -0.0000]
2026-06-10 17:34:10  DEBUG       controls W_dot: [-4.1827  +6.8645  -3.2682  -0.0000]
2026-06-10 17:34:10  DEBUG       END   config  : φ=-0.0000 x=+0.0300 y=-0.0000  J=[+0.0000  +0.2271  -0.2702  -1.4236  -0.0000]  W=[+0.6322  +0.6322  +0.6322  +0.6322]  grip=0
2026-06-10 17:34:10  DEBUG     ─── step   30  t=  0.300 s ───────────────────────────────────────────
2026-06-10 17:34:10  DEBUG       START config  : φ=-0.0000 x=+0.0300 y=-0.0000  J=[+0.0000  +0.2271  -0.2702  -1.4236  -0.0000]  W=[+0.6322  +0.6322  +0.6322  +0.6322]  grip=0
2026-06-10 17:34:10  DEBUG       T_se_actual   : p=[  0.4166  -0.0000   0.5544]  R=[[ 0.104  0.000  0.995] [-0.000  1.000 -0.000] [-0.995  0.000  0.104]]
2026-06-10 17:34:10  DEBUG       T_se_ref(X_d) : p=[  0.4169   0.0000   0.5791]  R=[[ 0.104  0.000  0.995] [ 0.000  1.000  0.000] [-0.995  0.000  0.104]]
2026-06-10 17:34:10  DEBUG       X_err         : [+0.0000  +0.0000  +0.0000  -0.0245  +0.0000  +0.0029]  |Xerr|=  0.0247
2026-06-10 17:34:10  DEBUG       controls J_dot: [-0.8204  -0.8204  -0.8204  -0.8204  -0.0000]
2026-06-10 17:34:10  DEBUG       controls W_dot: [-5.2969  +9.0666  -4.3880  +0.0000]
2026-06-10 17:34:10  DEBUG       END   config  : φ=-0.0000 x=+0.0296 y=-0.0000  J=[+0.0000  +0.1741  -0.1795  -1.4675  -0.0000]  W=[+0.6240  +0.6240  +0.6240  +0.6240]  grip=0
2026-06-10 17:34:10  DEBUG     ─── step   31  t=  0.310 s ───────────────────────────────────────────
2026-06-10 17:34:10  DEBUG       START config  : φ=-0.0000 x=+0.0296 y=-0.0000  J=[+0.0000  +0.1741  -0.1795  -1.4675  -0.0000]  W=[+0.6240  +0.6240  +0.6240  +0.6240]  grip=0
2026-06-10 17:34:10  DEBUG       T_se_actual   : p=[  0.4193  -0.0000   0.5548]  R=[[ 0.098  0.000  0.995] [-0.000  1.000 -0.000] [-0.995  0.000  0.098]]
2026-06-10 17:34:10  DEBUG       T_se_ref(X_d) : p=[  0.4198   0.0000   0.5798]  R=[[ 0.098  0.000  0.995] [ 0.000  1.000  0.000] [-0.995  0.000  0.098]]
2026-06-10 17:34:10  DEBUG       X_err         : [+0.0000  +0.0000  +0.0000  -0.0248  +0.0000  +0.0029]  |Xerr|=  0.0250
2026-06-10 17:34:10  DEBUG       controls J_dot: [-1.7510  -1.7510  -1.7510  -1.7510  -0.0000]
2026-06-10 17:34:10  DEBUG       controls W_dot: [-7.8669  +14.1704  -6.9539  -0.0000]
2026-06-10 17:34:10  DEBUG       END   config  : φ=-0.0000 x=+0.0288 y=-0.0000  J=[+0.0000  +0.0954  -0.0378  -1.5370  -0.0000]  W=[+0.6065  +0.6065  +0.6065  +0.6065]  grip=0
2026-06-10 17:34:10  DEBUG     ─── step   32  t=  0.320 s ───────────────────────────────────────────
2026-06-10 17:34:10  DEBUG       START config  : φ=-0.0000 x=+0.0288 y=-0.0000  J=[+0.0000  +0.0954  -0.0378  -1.5370  -0.0000]  W=[+0.6065  +0.6065  +0.6065  +0.6065]  grip=0
2026-06-10 17:34:10  DEBUG       T_se_actual   : p=[  0.4222  -0.0000   0.5548]  R=[[ 0.091  0.000  0.996] [-0.000  1.000 -0.000] [-0.996  0.000  0.091]]
2026-06-10 17:34:10  DEBUG       T_se_ref(X_d) : p=[  0.4227   0.0000   0.5805]  R=[[ 0.091  0.000  0.996] [ 0.000  1.000  0.000] [-0.996  0.000  0.091]]
2026-06-10 17:34:10  DEBUG       X_err         : [+0.0000  +0.0000  +0.0000  -0.0255  +0.0000  +0.0029]  |Xerr|=  0.0257
2026-06-10 17:34:10  DEBUG       controls J_dot: [-22.1831  -22.1831  -22.1831  -22.1831  +0.0000]
2026-06-10 17:34:10  DEBUG       controls W_dot: [-25.1638  +44.0685  -19.5875  -0.0000]
2026-06-10 17:34:10  DEBUG       END   config  : φ=-0.0000 x=+0.0183 y=-0.0000  J=[+0.0000  -0.1562  +0.4029  -1.7329  -0.0000]  W=[+0.3846  +0.3846  +0.3846  +0.3846]  grip=0
2026-06-10 17:34:10  DEBUG     ─── step   33  t=  0.330 s ───────────────────────────────────────────
2026-06-10 17:34:10  DEBUG       START config  : φ=-0.0000 x=+0.0183 y=-0.0000  J=[+0.0000  -0.1562  +0.4029  -1.7329  -0.0000]  W=[+0.3846  +0.3846  +0.3846  +0.3846]  grip=0
2026-06-10 17:34:10  DEBUG       T_se_actual   : p=[  0.4254  -0.0000   0.5483]  R=[[ 0.084  0.000  0.996] [-0.000  1.000 -0.000] [-0.996  0.000  0.084]]
2026-06-10 17:34:10  DEBUG       T_se_ref(X_d) : p=[  0.4259   0.0000   0.5813]  R=[[ 0.084  0.000  0.996] [ 0.000  1.000  0.000] [-0.996  0.000  0.084]]
2026-06-10 17:34:10  DEBUG       X_err         : [+0.0000  +0.0000  +0.0000  -0.0328  +0.0000  +0.0032]  |Xerr|=  0.0330
2026-06-10 17:34:10  DEBUG       controls J_dot: [-0.0634  -0.0634  -0.0634  -0.0634  +0.0000]
2026-06-10 17:34:10  DEBUG       controls W_dot: [+2.5398  -7.7547  +4.4996  -0.0000]
2026-06-10 17:34:10  DEBUG       END   config  : φ=-0.0000 x=+0.0182 y=-0.0000  J=[+0.0000  -0.1308  +0.3253  -1.6879  -0.0000]  W=[+0.3840  +0.3840  +0.3840  +0.3840]  grip=0
2026-06-10 17:34:10  DEBUG     ─── step   34  t=  0.340 s ───────────────────────────────────────────
2026-06-10 17:34:10  DEBUG       START config  : φ=-0.0000 x=+0.0182 y=-0.0000  J=[+0.0000  -0.1308  +0.3253  -1.6879  -0.0000]  W=[+0.3840  +0.3840  +0.3840  +0.3840]  grip=0
2026-06-10 17:34:10  DEBUG       T_se_actual   : p=[  0.4285  -0.0000   0.5489]  R=[[ 0.077  0.000  0.997] [-0.000  1.000 -0.000] [-0.997  0.000  0.077]]
2026-06-10 17:34:10  DEBUG       T_se_ref(X_d) : p=[  0.4291   0.0000   0.5820]  R=[[ 0.077  0.000  0.997] [ 0.000  1.000  0.000] [-0.997  0.000  0.077]]
2026-06-10 17:34:10  DEBUG       X_err         : [+0.0000  +0.0000  +0.0000  -0.0330  +0.0000  +0.0032]  |Xerr|=  0.0332
2026-06-10 17:34:10  DEBUG       controls J_dot: [-0.0648  -0.0648  -0.0648  -0.0648  +0.0000]
2026-06-10 17:34:10  DEBUG       controls W_dot: [+3.5800  -10.0645  +5.7365  -0.0000]
2026-06-10 17:34:10  DEBUG       END   config  : φ=-0.0000 x=+0.0182 y=-0.0000  J=[+0.0000  -0.0950  +0.2247  -1.6305  -0.0000]  W=[+0.3834  +0.3834  +0.3834  +0.3834]  grip=0
2026-06-10 17:34:10  DEBUG     ─── step   35  t=  0.350 s ───────────────────────────────────────────
2026-06-10 17:34:10  DEBUG       START config  : φ=-0.0000 x=+0.0182 y=-0.0000  J=[+0.0000  -0.0950  +0.2247  -1.6305  -0.0000]  W=[+0.3834  +0.3834  +0.3834  +0.3834]  grip=0
2026-06-10 17:34:10  DEBUG       T_se_actual   : p=[  0.4317  -0.0000   0.5493]  R=[[ 0.070  0.000  0.998] [-0.000  1.000 -0.000] [-0.998  0.000  0.070]]
2026-06-10 17:34:10  DEBUG       T_se_ref(X_d) : p=[  0.4326   0.0000   0.5828]  R=[[ 0.070  0.000  0.998] [ 0.000  1.000  0.000] [-0.998  0.000  0.070]]
2026-06-10 17:34:10  DEBUG       X_err         : [+0.0000  +0.0000  +0.0000  -0.0334  +0.0000  +0.0032]  |Xerr|=  0.0335
2026-06-10 17:34:10  DEBUG       controls J_dot: [-0.0532  -0.0532  -0.0532  -0.0532  -0.0000]
2026-06-10 17:34:10  DEBUG       controls W_dot: [+5.9615  -15.2471  +8.5049  +0.0000]
2026-06-10 17:34:10  DEBUG       END   config  : φ=-0.0000 x=+0.0182 y=-0.0000  J=[+0.0000  -0.0354  +0.0722  -1.5455  -0.0000]  W=[+0.3828  +0.3828  +0.3828  +0.3828]  grip=0
2026-06-10 17:34:10  DEBUG     ─── step   36  t=  0.360 s ───────────────────────────────────────────
2026-06-10 17:34:10  DEBUG       START config  : φ=-0.0000 x=+0.0182 y=-0.0000  J=[+0.0000  -0.0354  +0.0722  -1.5455  -0.0000]  W=[+0.3828  +0.3828  +0.3828  +0.3828]  grip=0
2026-06-10 17:34:10  DEBUG       T_se_actual   : p=[  0.4351  -0.0000   0.5492]  R=[[ 0.062  0.000  0.998] [-0.000  1.000 -0.000] [-0.998  0.000  0.062]]
