Log file: C:\Users\admin\Documents\Robotics\Code\CourseraRobotics\2026-06-04_Capstone_Project\logs\capstone_testD_trajectory_comparison_2026-06-11_21-24-24.log

Loaded robot CSV : capstone_testD_trajectory.csv
Rows             : 707
Building reference trajectory from FK of perfect_config ...
Reference trajectory : 707 rows

----------------------------------------------------------------------------------------------------------------------
 step       t                  p_actual (x,y,z)                     p_ref (x,y,z)   pos_err  rot_deg   |Xerr|  grip_A  grip_R
----------------------------------------------------------------------------------------------------------------------
    0   0.000  [+0.4849 +0.1386 +0.5702]  [+0.3868 +0.0000 +0.5702]    0.1698    5.730   0.1971       0       0  *** HIGH ERROR
  step 0  T_actual:
    [   0.1691   -0.0998    0.9805    0.4849 ]
    [   0.0170    0.9950    0.0984    0.1386 ]
    [  -0.9854    0.0000    0.1700    0.5702 ]
    [   0.0000    0.0000    0.0000    1.0000 ]
  step 0  T_ref:
    [   0.1700    0.0000    0.9854    0.3868 ]
    [   0.0000    1.0000    0.0000    0.0000 ]
    [  -0.9854    0.0000    0.1700    0.5702 ]
    [   0.0000    0.0000    0.0000    1.0000 ]
  step 0  Xerr: [+0.0985  +0.0000  -0.0170  -0.0178  -0.1336  -0.1034]  |Xerr|=0.1971
    1   0.010  [+0.4816 +0.1326 +0.5701]  [+0.3868 +0.0000 +0.5702]    0.1630    5.500   0.1892       0       0  *** HIGH ERROR
  step 1  T_actual:
    [   0.1692   -0.0959    0.9809    0.4816 ]
    [   0.0163    0.9954    0.0945    0.1326 ]
    [  -0.9855    0.0000    0.1700    0.5701 ]
    [   0.0000    0.0000    0.0000    1.0000 ]
  step 1  T_ref:
    [   0.1700    0.0000    0.9855    0.3868 ]
    [   0.0000    1.0000    0.0000    0.0000 ]
    [  -0.9855    0.0000    0.1700    0.5702 ]
    [   0.0000    0.0000    0.0000    1.0000 ]
  step 1  Xerr: [+0.0946  +0.0000  -0.0163  -0.0172  -0.1280  -0.0996]  |Xerr|=0.1892
    2   0.020  [+0.4783 +0.1269 +0.5701]  [+0.3868 +0.0000 +0.5702]    0.1565    5.280   0.1816       0       0  *** HIGH ERROR
  step 2  T_actual:
    [   0.1692   -0.0920    0.9813    0.4783 ]
    [   0.0156    0.9958    0.0907    0.1269 ]
    [  -0.9855    0.0000    0.1699    0.5701 ]
    [   0.0000    0.0000    0.0000    1.0000 ]
  step 2  T_ref:
    [   0.1699    0.0000    0.9855    0.3868 ]
    [   0.0000    1.0000    0.0000    0.0000 ]
    [  -0.9855    0.0000    0.1699    0.5702 ]
    [   0.0000    0.0000    0.0000    1.0000 ]
  step 2  Xerr: [+0.0908  +0.0000  -0.0157  -0.0166  -0.1226  -0.0959]  |Xerr|=0.1816
    3   0.030  [+0.4752 +0.1215 +0.5700]  [+0.3869 +0.0000 +0.5702]    0.1502    5.069   0.1743       0       0  *** HIGH ERROR
  step 3  T_actual:
    [   0.1692   -0.0883    0.9816    0.4752 ]
    [   0.0150    0.9961    0.0871    0.1215 ]
    [  -0.9855    0.0000    0.1699    0.5700 ]
    [   0.0000    0.0000    0.0000    1.0000 ]
  step 3  T_ref:
    [   0.1699    0.0000    0.9855    0.3869 ]
    [   0.0000    1.0000    0.0000    0.0000 ]
    [  -0.9855    0.0000    0.1699    0.5702 ]
    [   0.0000    0.0000    0.0000    1.0000 ]
  step 3  Xerr: [+0.0872  -0.0000  -0.0150  -0.0161  -0.1175  -0.0923]  |Xerr|=0.1743
    4   0.040  [+0.4722 +0.1162 +0.5699]  [+0.3869 +0.0000 +0.5702]    0.1442    4.865   0.1674       0       0  *** HIGH ERROR
  step 4  T_actual:
    [   0.1692   -0.0848    0.9819    0.4722 ]
    [   0.0144    0.9964    0.0836    0.1162 ]
    [  -0.9855    0.0000    0.1698    0.5699 ]
    [   0.0000    0.0000    0.0000    1.0000 ]
  step 4  T_ref:
    [   0.1698    0.0000    0.9855    0.3869 ]
    [   0.0000    1.0000    0.0000    0.0000 ]
    [  -0.9855    0.0000    0.1698    0.5702 ]
    [   0.0000    0.0000    0.0000    1.0000 ]
  step 4  Xerr: [+0.0837  -0.0000  -0.0144  -0.0156  -0.1125  -0.0888]  |Xerr|=0.1674
    5   0.050  [+0.4693 +0.1112 +0.5698]  [+0.3870 +0.0000 +0.5703]    0.1384    4.670   0.1606       0       0  *** HIGH ERROR
  step 5  T_actual:
    [   0.1690   -0.0814    0.9822    0.4693 ]
    [   0.0138    0.9967    0.0802    0.1112 ]
    [  -0.9855    0.0000    0.1696    0.5698 ]
    [   0.0000    0.0000    0.0000    1.0000 ]
  step 5  T_ref:
    [   0.1696    0.0000    0.9855    0.3870 ]
    [   0.0000    1.0000    0.0000    0.0000 ]
    [  -0.9855    0.0000    0.1696    0.5703 ]
    [   0.0000    0.0000    0.0000    1.0000 ]
  step 5  Xerr: [+0.0803  +0.0000  -0.0139  -0.0152  -0.1078  -0.0855]  |Xerr|=0.1606
    6   0.060  [+0.4665 +0.1065 +0.5698]  [+0.3871 +0.0000 +0.5703]    0.1328    4.483   0.1542       0       0  *** HIGH ERROR
  step 6  T_actual:
    [   0.1688   -0.0782    0.9825    0.4665 ]
    [   0.0133    0.9969    0.0770    0.1065 ]
    [  -0.9856    0.0001    0.1693    0.5698 ]
    [   0.0000    0.0000    0.0000    1.0000 ]
  step 6  T_ref:
    [   0.1693    0.0000    0.9856    0.3871 ]
    [   0.0000    1.0000    0.0000    0.0000 ]
    [  -0.9856    0.0000    0.1693    0.5703 ]
    [   0.0000    0.0000    0.0000    1.0000 ]
  step 6  Xerr: [+0.0771  +0.0000  -0.0133  -0.0146  -0.1033  -0.0822]  |Xerr|=0.1542
    7   0.070  [+0.4639 +0.1019 +0.5699]  [+0.3873 +0.0000 +0.5703]    0.1275    4.303   0.1480       0       0  *** HIGH ERROR
  step 7  T_actual:
    [   0.1685   -0.0750    0.9828    0.4639 ]
    [   0.0128    0.9972    0.0739    0.1019 ]
    [  -0.9856    0.0001    0.1689    0.5699 ]
    [   0.0000    0.0000    0.0000    1.0000 ]
  step 7  T_ref:
    [   0.1689    0.0000    0.9856    0.3873 ]
    [   0.0000    1.0000    0.0000    0.0000 ]
    [  -0.9856    0.0000    0.1689    0.5703 ]
    [   0.0000    0.0000    0.0000    1.0000 ]
  step 7  Xerr: [+0.0740  +0.0000  -0.0128  -0.0141  -0.0990  -0.0791]  |Xerr|=0.1480
    8   0.080  [+0.4613 +0.0975 +0.5699]  [+0.3875 +0.0000 +0.5704]    0.1223    4.130   0.1420       0       0  *** HIGH ERROR
  step 8  T_actual:
    [   0.1680   -0.0720    0.9832    0.4613 ]
    [   0.0122    0.9974    0.0710    0.0975 ]
    [  -0.9857    0.0001    0.1684    0.5699 ]
    [   0.0000    0.0000    0.0000    1.0000 ]
  step 8  T_ref:
    [   0.1684    0.0000    0.9857    0.3875 ]
    [   0.0000    1.0000    0.0000    0.0000 ]
    [  -0.9857    0.0000    0.1684    0.5704 ]
    [   0.0000    0.0000    0.0000    1.0000 ]
  step 8  Xerr: [+0.0710  +0.0000  -0.0123  -0.0136  -0.0948  -0.0761]  |Xerr|=0.1420
    9   0.090  [+0.4590 +0.0934 +0.5699]  [+0.3878 +0.0000 +0.5705]    0.1174    3.964   0.1363       0       0  *** HIGH ERROR
  step 9  T_actual:
    [   0.1674   -0.0691    0.9835    0.4590 ]
    [   0.0118    0.9976    0.0681    0.0934 ]
    [  -0.9858    0.0002    0.1678    0.5699 ]
    [   0.0000    0.0000    0.0000    1.0000 ]
  step 9  T_ref:
    [   0.1678    0.0000    0.9858    0.3878 ]
    [   0.0000    1.0000    0.0000    0.0000 ]
    [  -0.9858    0.0000    0.1678    0.5705 ]
    [   0.0000    0.0000    0.0000    1.0000 ]
  step 9  Xerr: [+0.0682  +0.0000  -0.0118  -0.0131  -0.0909  -0.0732]  |Xerr|=0.1363
   10   0.100  [+0.4567 +0.0894 +0.5699]  [+0.3881 +0.0000 +0.5706]    0.1127    3.804   0.1308       0       0  *** HIGH ERROR
  step 10  T_actual:
    [   0.1667   -0.0663    0.9838    0.4567 ]
    [   0.0113    0.9978    0.0654    0.0894 ]
    [  -0.9860    0.0002    0.1670    0.5699 ]
    [   0.0000    0.0000    0.0000    1.0000 ]
  step 10  T_ref:
    [   0.1670    0.0000    0.9860    0.3881 ]
    [   0.0000    1.0000    0.0000    0.0000 ]
    [  -0.9860    0.0000    0.1670    0.5706 ]
    [   0.0000    0.0000    0.0000    1.0000 ]
  step 10  Xerr: [+0.0654  +0.0000  -0.0113  -0.0127  -0.0871  -0.0704]  |Xerr|=0.1308
   11   0.110  [+0.4547 +0.0856 +0.5699]  [+0.3886 +0.0000 +0.5708]    0.1081    3.651   0.1255       0       0  *** HIGH ERROR
  step 11  T_actual:
    [   0.1658   -0.0637    0.9841    0.4547 ]
    [   0.0108    0.9980    0.0627    0.0856 ]
    [  -0.9861    0.0003    0.1661    0.5699 ]
    [   0.0000    0.0000    0.0000    1.0000 ]
  step 11  T_ref:
    [   0.1661    0.0000    0.9861    0.3886 ]
    [   0.0000    1.0000    0.0000    0.0000 ]
    [  -0.9861    0.0000    0.1661    0.5708 ]
    [   0.0000    0.0000    0.0000    1.0000 ]
  step 11  Xerr: [+0.0628  +0.0000  -0.0109  -0.0123  -0.0834  -0.0677]  |Xerr|=0.1255
   12   0.120  [+0.4528 +0.0819 +0.5697]  [+0.3891 +0.0000 +0.5709]    0.1038    3.504   0.1205       0       0  *** HIGH ERROR
  step 12  T_actual:
    [   0.1647   -0.0611    0.9845    0.4528 ]
    [   0.0104    0.9981    0.0602    0.0819 ]
    [  -0.9863    0.0003    0.1650    0.5697 ]
    [   0.0000    0.0000    0.0000    1.0000 ]
  step 12  T_ref:
    [   0.1650    0.0000    0.9863    0.3891 ]
    [   0.0000    1.0000    0.0000    0.0000 ]
    [  -0.9863    0.0000    0.1650    0.5709 ]
    [   0.0000    0.0000    0.0000    1.0000 ]
  step 12  Xerr: [+0.0603  +0.0000  -0.0104  -0.0121  -0.0799  -0.0651]  |Xerr|=0.1205
   13   0.130  [+0.4510 +0.0784 +0.5695]  [+0.3897 +0.0000 +0.5711]    0.0996    3.363   0.1156       0       0  *** HIGH ERROR
  step 13  T_actual:
    [   0.1634   -0.0587    0.9848    0.4510 ]
    [   0.0100    0.9983    0.0578    0.0784 ]
    [  -0.9865    0.0004    0.1637    0.5695 ]
    [   0.0000    0.0000    0.0000    1.0000 ]
  step 13  T_ref:
    [   0.1637    0.0000    0.9865    0.3897 ]
    [   0.0000    1.0000    0.0000    0.0000 ]
    [  -0.9865    0.0000    0.1637    0.5711 ]
    [   0.0000    0.0000    0.0000    1.0000 ]
  step 13  Xerr: [+0.0578  +0.0000  -0.0100  -0.0120  -0.0766  -0.0625]  |Xerr|=0.1156
   14   0.140  [+0.4495 +0.0751 +0.5693]  [+0.3903 +0.0000 +0.5713]    0.0956    3.227   0.1110       0       0  *** HIGH ERROR
  step 14  T_actual:
    [   0.1619   -0.0563    0.9852    0.4495 ]
    [   0.0096    0.9984    0.0555    0.0751 ]
    [  -0.9868    0.0005    0.1622    0.5693 ]
    [   0.0000    0.0000    0.0000    1.0000 ]
  step 14  T_ref:
    [   0.1622    0.0000    0.9868    0.3903 ]
    [   0.0000    1.0000    0.0000    0.0000 ]
    [  -0.9868    0.0000    0.1622    0.5713 ]
    [   0.0000    0.0000    0.0000    1.0000 ]
  step 14  Xerr: [+0.0555  +0.0000  -0.0096  -0.0120  -0.0734  -0.0601]  |Xerr|=0.1110
   15   0.150  [+0.4481 +0.0719 +0.5690]  [+0.3911 +0.0000 +0.5716]    0.0918    3.096   0.1065       0       0  *** HIGH ERROR
  step 15  T_actual:
    [   0.1602   -0.0540    0.9856    0.4481 ]
    [   0.0092    0.9985    0.0532    0.0719 ]
    [  -0.9870    0.0006    0.1605    0.5690 ]
    [   0.0000    0.0000    0.0000    1.0000 ]
  step 15  T_ref:
    [   0.1605    0.0000    0.9870    0.3911 ]
    [   0.0000    1.0000    0.0000    0.0000 ]
    [  -0.9870    0.0000    0.1605    0.5716 ]
    [   0.0000    0.0000    0.0000    1.0000 ]
  step 15  Xerr: [+0.0532  +0.0000  -0.0092  -0.0120  -0.0703  -0.0577]  |Xerr|=0.1065
   16   0.160  [+0.4469 +0.0688 +0.5687]  [+0.3920 +0.0000 +0.5719]    0.0881    2.971   0.1022       0       0  *** HIGH ERROR
  step 16  T_actual:
    [   0.1583   -0.0518    0.9860    0.4469 ]
    [   0.0089    0.9987    0.0511    0.0688 ]
    [  -0.9873    0.0007    0.1586    0.5687 ]
    [   0.0000    0.0000    0.0000    1.0000 ]
  step 16  T_ref:
    [   0.1586    0.0000    0.9873    0.3920 ]
    [   0.0000    1.0000    0.0000    0.0000 ]
    [  -0.9873    0.0000    0.1586    0.5719 ]
    [   0.0000    0.0000    0.0000    1.0000 ]
  step 16  Xerr: [+0.0511  +0.0000  -0.0089  -0.0121  -0.0674  -0.0554]  |Xerr|=0.1022
   17   0.170  [+0.4458 +0.0659 +0.5683]  [+0.3930 +0.0000 +0.5722]    0.0846    2.851   0.0981       0       0  *** HIGH ERROR
  step 17  T_actual:
    [   0.1562   -0.0497    0.9865    0.4458 ]
    [   0.0085    0.9988    0.0490    0.0659 ]
    [  -0.9877    0.0008    0.1564    0.5683 ]
    [   0.0000    0.0000    0.0000    1.0000 ]
  step 17  T_ref:
    [   0.1564    0.0000    0.9877    0.3930 ]
    [   0.0000    1.0000    0.0000    0.0000 ]
    [  -0.9877    0.0000    0.1564    0.5722 ]
    [   0.0000    0.0000    0.0000    1.0000 ]
  step 17  Xerr: [+0.0490  +0.0000  -0.0085  -0.0124  -0.0646  -0.0532]  |Xerr|=0.0981
   18   0.180  [+0.4450 +0.0631 +0.5680]  [+0.3940 +0.0000 +0.5725]    0.0812    2.735   0.0942       0       0  *** HIGH ERROR
  step 18  T_actual:
    [   0.1538   -0.0477    0.9869    0.4450 ]
    [   0.0082    0.9989    0.0470    0.0631 ]
    [  -0.9881    0.0009    0.1541    0.5680 ]
    [   0.0000    0.0000    0.0000    1.0000 ]
  step 18  T_ref:
    [   0.1540    0.0000    0.9881    0.3940 ]
    [   0.0000    1.0000    0.0000    0.0000 ]
    [  -0.9881    0.0000    0.1540    0.5725 ]
    [   0.0000    0.0000    0.0000    1.0000 ]
  step 18  Xerr: [+0.0470  +0.0000  -0.0082  -0.0126  -0.0619  -0.0511]  |Xerr|=0.0942
   19   0.190  [+0.4443 +0.0604 +0.5674]  [+0.3952 +0.0000 +0.5729]    0.0780    2.624   0.0905       0       0  *** HIGH ERROR
  step 19  T_actual:
    [   0.1512   -0.0458    0.9874    0.4443 ]
    [   0.0079    0.9990    0.0451    0.0604 ]
    [  -0.9885    0.0010    0.1514    0.5674 ]
    [   0.0000    0.0000    0.0000    1.0000 ]
  step 19  T_ref:
    [   0.1514    0.0000    0.9885    0.3952 ]
    [   0.0000    1.0000    0.0000    0.0000 ]
    [  -0.9885    0.0000    0.1514    0.5729 ]
    [   0.0000    0.0000    0.0000    1.0000 ]
  step 19  Xerr: [+0.0451  +0.0000  -0.0079  -0.0131  -0.0593  -0.0490]  |Xerr|=0.0905
   20   0.200  [+0.4438 +0.0578 +0.5671]  [+0.3966 +0.0000 +0.5733]    0.0749    2.518   0.0869       0       0  *** HIGH ERROR
  step 20  T_actual:
    [   0.1483   -0.0439    0.9880    0.4438 ]
    [   0.0076    0.9990    0.0433    0.0578 ]
    [  -0.9889    0.0011    0.1485    0.5671 ]
    [   0.0000    0.0000    0.0000    1.0000 ]
  step 20  T_ref:
    [   0.1485    0.0000    0.9889    0.3966 ]
    [   0.0000    1.0000    0.0000    0.0000 ]
    [  -0.9889    0.0000    0.1485    0.5733 ]
    [   0.0000    0.0000    0.0000    1.0000 ]
  step 20  Xerr: [+0.0433  +0.0000  -0.0076  -0.0134  -0.0568  -0.0470]  |Xerr|=0.0869
   21   0.210  [+0.4435 +0.0554 +0.5655]  [+0.3980 +0.0000 +0.5737]    0.0722    2.416   0.0836       0       0  *** HIGH ERROR
  step 21  T_actual:
    [   0.1452   -0.0421    0.9885    0.4435 ]
    [   0.0073    0.9991    0.0415    0.0554 ]
    [  -0.9894    0.0012    0.1454    0.5655 ]
    [   0.0000    0.0000    0.0000    1.0000 ]
  step 21  T_ref:
    [   0.1453    0.0000    0.9894    0.3980 ]
    [   0.0000    1.0000    0.0000    0.0000 ]
    [  -0.9894    0.0000    0.1453    0.5737 ]
    [   0.0000    0.0000    0.0000    1.0000 ]
  step 21  Xerr: [+0.0415  +0.0000  -0.0073  -0.0149  -0.0544  -0.0450]  |Xerr|=0.0836
   22   0.220  [+0.4433 +0.0530 +0.5657]  [+0.3996 +0.0000 +0.5742]    0.0693    2.317   0.0802       0       0  *** HIGH ERROR
  step 22  T_actual:
    [   0.1418   -0.0404    0.9891    0.4433 ]
    [   0.0071    0.9992    0.0398    0.0530 ]
    [  -0.9899    0.0013    0.1419    0.5657 ]
    [   0.0000    0.0000    0.0000    1.0000 ]
  step 22  T_ref:
    [   0.1419    0.0000    0.9899    0.3996 ]
    [   0.0000    1.0000    0.0000    0.0000 ]
    [  -0.9899    0.0000    0.1419    0.5742 ]
    [   0.0000    0.0000    0.0000    1.0000 ]
  step 22  Xerr: [+0.0398  +0.0000  -0.0071  -0.0148  -0.0521  -0.0432]  |Xerr|=0.0802
   23   0.230  [+0.4433 +0.0508 +0.5654]  [+0.4013 +0.0000 +0.5747]    0.0666    2.223   0.0771       0       0  *** HIGH ERROR
  step 23  T_actual:
    [   0.1381   -0.0388    0.9897    0.4433 ]
    [   0.0068    0.9992    0.0382    0.0508 ]
    [  -0.9904    0.0015    0.1382    0.5654 ]
    [   0.0000    0.0000    0.0000    1.0000 ]
  step 23  T_ref:
    [   0.1382    0.0000    0.9904    0.4013 ]
    [   0.0000    1.0000    0.0000    0.0000 ]
    [  -0.9904    0.0000    0.1382    0.5747 ]
    [   0.0000    0.0000    0.0000    1.0000 ]
  step 23  Xerr: [+0.0382  +0.0000  -0.0068  -0.0153  -0.0499  -0.0414]  |Xerr|=0.0771
   24   0.240  [+0.4437 +0.0486 +0.5618]  [+0.4031 +0.0000 +0.5752]    0.0647    2.132   0.0747       0       0  *** HIGH ERROR
  step 24  T_actual:
    [   0.1341   -0.0372    0.9903    0.4437 ]
    [   0.0066    0.9993    0.0366    0.0486 ]
    [  -0.9909    0.0016    0.1342    0.5618 ]
    [   0.0000    0.0000    0.0000    1.0000 ]
  step 24  T_ref:
    [   0.1342    0.0000    0.9910    0.4031 ]
    [   0.0000    1.0000    0.0000    0.0000 ]
    [  -0.9910    0.0000    0.1342    0.5752 ]
    [   0.0000    0.0000    0.0000    1.0000 ]
  step 24  Xerr: [+0.0366  +0.0000  -0.0066  -0.0189  -0.0478  -0.0393]  |Xerr|=0.0747
   25   0.250  [+0.4440 +0.0465 +0.5623]  [+0.4050 +0.0000 +0.5758]    0.0622    2.045   0.0717       0       0  *** HIGH ERROR
  step 25  T_actual:
    [   0.1298   -0.0356    0.9909    0.4440 ]
    [   0.0063    0.9994    0.0351    0.0465 ]
    [  -0.9915    0.0017    0.1299    0.5623 ]
    [   0.0000    0.0000    0.0000    1.0000 ]
  step 25  T_ref:
    [   0.1299    0.0000    0.9915    0.4050 ]
    [   0.0000    1.0000    0.0000    0.0000 ]
    [  -0.9915    0.0000    0.1299    0.5758 ]
    [   0.0000    0.0000    0.0000    1.0000 ]
  step 25  Xerr: [+0.0351  +0.0000  -0.0063  -0.0186  -0.0458  -0.0377]  |Xerr|=0.0717
   26   0.260  [+0.4445 +0.0445 +0.5625]  [+0.4071 +0.0000 +0.5764]    0.0598    1.962   0.0689       0       0  *** HIGH ERROR
  step 26  T_actual:
    [   0.1252   -0.0342    0.9915    0.4445 ]
    [   0.0061    0.9994    0.0337    0.0445 ]
    [  -0.9921    0.0018    0.1254    0.5625 ]
    [   0.0000    0.0000    0.0000    1.0000 ]
  step 26  T_ref:
    [   0.1253    0.0000    0.9921    0.4071 ]
    [   0.0000    1.0000    0.0000    0.0000 ]
    [  -0.9921    0.0000    0.1253    0.5764 ]
    [   0.0000    0.0000    0.0000    1.0000 ]
  step 26  Xerr: [+0.0337  +0.0000  -0.0061  -0.0186  -0.0439  -0.0361]  |Xerr|=0.0689
   27   0.270  [+0.4453 +0.0426 +0.5614]  [+0.4094 +0.0000 +0.5770]    0.0579    1.881   0.0666       0       0  *** HIGH ERROR
  step 27  T_actual:
    [   0.1203   -0.0328    0.9922    0.4453 ]
    [   0.0059    0.9995    0.0323    0.0426 ]
    [  -0.9927    0.0020    0.1205    0.5614 ]
    [   0.0000    0.0000    0.0000    1.0000 ]
  step 27  T_ref:
    [   0.1204    0.0000    0.9927    0.4094 ]
    [   0.0000    1.0000    0.0000    0.0000 ]
    [  -0.9927    0.0000    0.1204    0.5770 ]
    [   0.0000    0.0000    0.0000    1.0000 ]
  step 27  Xerr: [+0.0323  +0.0000  -0.0059  -0.0199  -0.0420  -0.0345]  |Xerr|=0.0666
   28   0.280  [+0.4462 +0.0408 +0.5605]  [+0.4117 +0.0000 +0.5777]    0.0561    1.804   0.0643       0       0  *** HIGH ERROR
  step 28  T_actual:
    [   0.1151   -0.0314    0.9929    0.4462 ]
    [   0.0057    0.9995    0.0310    0.0408 ]
    [  -0.9933    0.0021    0.1153    0.5605 ]
    [   0.0000    0.0000    0.0000    1.0000 ]
  step 28  T_ref:
    [   0.1152    0.0000    0.9933    0.4117 ]
    [   0.0000    1.0000    0.0000    0.0000 ]
    [  -0.9933    0.0000    0.1152    0.5777 ]
    [   0.0000    0.0000    0.0000    1.0000 ]
  step 28  Xerr: [+0.0310  +0.0000  -0.0057  -0.0211  -0.0402  -0.0329]  |Xerr|=0.0643
   29   0.290  [+0.4474 +0.0390 +0.5584]  [+0.4143 +0.0000 +0.5784]    0.0549    1.730   0.0627       0       0  *** HIGH ERROR
  step 29  T_actual:
    [   0.1096   -0.0301    0.9935    0.4474 ]
    [   0.0055    0.9995    0.0297    0.0390 ]
    [  -0.9940    0.0022    0.1098    0.5584 ]
    [   0.0000    0.0000    0.0000    1.0000 ]
  step 29  T_ref:
    [   0.1097    0.0000    0.9940    0.4143 ]
    [   0.0000    1.0000    0.0000    0.0000 ]
    [  -0.9940    0.0000    0.1097    0.5784 ]
    [   0.0000    0.0000    0.0000    1.0000 ]
  step 29  Xerr: [+0.0297  +0.0000  -0.0055  -0.0236  -0.0385  -0.0313]  |Xerr|=0.0627
   30   0.300  [+0.4486 +0.0374 +0.5584]  [+0.4169 +0.0000 +0.5791]    0.0532    1.659   0.0605       0       0  *** HIGH ERROR
  step 30  T_actual:
    [   0.1038   -0.0289    0.9942    0.4486 ]
    [   0.0054    0.9996    0.0285    0.0374 ]
    [  -0.9946    0.0024    0.1039    0.5584 ]
    [   0.0000    0.0000    0.0000    1.0000 ]
  step 30  T_ref:
    [   0.1039    0.0000    0.9946    0.4169 ]
    [   0.0000    1.0000    0.0000    0.0000 ]
    [  -0.9946    0.0000    0.1039    0.5791 ]
    [   0.0000    0.0000    0.0000    1.0000 ]
  step 30  Xerr: [+0.0285  +0.0000  -0.0054  -0.0239  -0.0369  -0.0299]  |Xerr|=0.0605
   31   0.310  [+0.4495 +0.0357 +0.5328]  [+0.4198 +0.0000 +0.5798]    0.0661    1.591   0.0717       0       0  *** HIGH ERROR
  step 31  T_actual:
    [   0.0977   -0.0277    0.9948    0.4495 ]
    [   0.0052    0.9996    0.0273    0.0357 ]
    [  -0.9952    0.0025    0.0978    0.5328 ]
    [   0.0000    0.0000    0.0000    1.0000 ]
  step 31  T_ref:
    [   0.0977    0.0000    0.9952    0.4198 ]
    [   0.0000    1.0000    0.0000    0.0000 ]
    [  -0.9952    0.0000    0.0977    0.5798 ]
    [   0.0000    0.0000    0.0000    1.0000 ]
  step 31  Xerr: [+0.0273  +0.0000  -0.0052  -0.0498  -0.0353  -0.0255]  |Xerr|=0.0717
   32   0.320  [+0.4510 +0.0342 +0.5342]  [+0.4227 +0.0000 +0.5805]    0.0642    1.526   0.0695       0       0  *** HIGH ERROR
  step 32  T_actual:
    [   0.0912   -0.0265    0.9955    0.4510 ]
    [   0.0050    0.9996    0.0261    0.0342 ]
    [  -0.9958    0.0026    0.0913    0.5342 ]
    [   0.0000    0.0000    0.0000    1.0000 ]
  step 32  T_ref:
    [   0.0913    0.0000    0.9958    0.4227 ]
    [   0.0000    1.0000    0.0000    0.0000 ]
    [  -0.9958    0.0000    0.0913    0.5805 ]
    [   0.0000    0.0000    0.0000    1.0000 ]
  step 32  Xerr: [+0.0261  +0.0000  -0.0050  -0.0488  -0.0338  -0.0244]  |Xerr|=0.0695
   33   0.330  [+0.4527 +0.0327 +0.5356]  [+0.4259 +0.0000 +0.5813]    0.0623    1.463   0.0673       0       0  *** HIGH ERROR
  step 33  T_actual:
    [   0.0844   -0.0254    0.9961    0.4527 ]
    [   0.0049    0.9997    0.0251    0.0327 ]
    [  -0.9964    0.0027    0.0845    0.5356 ]
    [   0.0000    0.0000    0.0000    1.0000 ]
  step 33  T_ref:
    [   0.0845    0.0000    0.9964    0.4259 ]
    [   0.0000    1.0000    0.0000    0.0000 ]
    [  -0.9964    0.0000    0.0845    0.5813 ]
    [   0.0000    0.0000    0.0000    1.0000 ]
  step 33  Xerr: [+0.0251  +0.0000  -0.0049  -0.0479  -0.0323  -0.0233]  |Xerr|=0.0673
   34   0.340  [+0.4546 +0.0313 +0.5370]  [+0.4291 +0.0000 +0.5820]    0.0605    1.403   0.0653       0       0  *** HIGH ERROR
  step 34  T_actual:
    [   0.0773   -0.0243    0.9967    0.4546 ]
    [   0.0047    0.9997    0.0240    0.0313 ]
    [  -0.9970    0.0029    0.0774    0.5370 ]
    [   0.0000    0.0000    0.0000    1.0000 ]
  step 34  T_ref:
    [   0.0773    0.0000    0.9970    0.4291 ]
    [   0.0000    1.0000    0.0000    0.0000 ]
    [  -0.9970    0.0000    0.0773    0.5820 ]
    [   0.0000    0.0000    0.0000    1.0000 ]
  step 34  Xerr: [+0.0240  +0.0000  -0.0047  -0.0470  -0.0309  -0.0223]  |Xerr|=0.0653
   35   0.350  [+0.4566 +0.0299 +0.5383]  [+0.4326 +0.0000 +0.5828]    0.0588    1.345   0.0633       0       0  *** HIGH ERROR
  step 35  T_actual:
    [   0.0698   -0.0233    0.9973    0.4566 ]
    [   0.0046    0.9997    0.0230    0.0299 ]
    [  -0.9975    0.0030    0.0699    0.5383 ]
    [   0.0000    0.0000    0.0000    1.0000 ]
  step 35  T_ref:
    [   0.0699    0.0000    0.9976    0.4326 ]
    [   0.0000    1.0000    0.0000    0.0000 ]
    [  -0.9976    0.0000    0.0699    0.5828 ]
    [   0.0000    0.0000    0.0000    1.0000 ]
  step 35  Xerr: [+0.0230  +0.0000  -0.0046  -0.0461  -0.0296  -0.0213]  |Xerr|=0.0633
   36   0.360  [+0.4589 +0.0286 +0.5396]  [+0.4362 +0.0000 +0.5836]    0.0572    1.289   0.0615       0       0  *** HIGH ERROR
  step 36  T_actual:
    [   0.0620   -0.0223    0.9978    0.4589 ]
    [   0.0045    0.9997    0.0220    0.0286 ]
    [  -0.9981    0.0031    0.0621    0.5396 ]
    [   0.0000    0.0000    0.0000    1.0000 ]
  step 36  T_ref:
    [   0.0621    0.0000    0.9981    0.4362 ]
    [   0.0000    1.0000    0.0000    0.0000 ]
    [  -0.9981    0.0000    0.0621    0.5836 ]
    [   0.0000    0.0000    0.0000    1.0000 ]
  step 36  Xerr: [+0.0220  +0.0000  -0.0045  -0.0454  -0.0283  -0.0203]  |Xerr|=0.0615
   37   0.370  [+0.4614 +0.0274 +0.5408]  [+0.4399 +0.0000 +0.5844]    0.0557    1.236   0.0598       0       0  *** HIGH ERROR
  step 37  T_actual:
    [   0.0539   -0.0213    0.9983    0.4614 ]
    [   0.0044    0.9998    0.0211    0.0274 ]
    [  -0.9985    0.0032    0.0540    0.5408 ]
    [   0.0000    0.0000    0.0000    1.0000 ]
  step 37  T_ref:
    [   0.0540    0.0000    0.9985    0.4399 ]
    [   0.0000    1.0000    0.0000    0.0000 ]
    [  -0.9985    0.0000    0.0540    0.5844 ]
    [   0.0000    0.0000    0.0000    1.0000 ]
  step 37  Xerr: [+0.0211  +0.0000  -0.0044  -0.0447  -0.0271  -0.0194]  |Xerr|=0.0598
   38   0.380  [+0.4640 +0.0262 +0.5419]  [+0.4438 +0.0000 +0.5852]    0.0545    1.185   0.0583       0       0  *** HIGH ERROR
  step 38  T_actual:
    [   0.0455   -0.0204    0.9988    0.4640 ]
    [   0.0043    0.9998    0.0202    0.0262 ]
    [  -0.9990    0.0033    0.0455    0.5419 ]
    [   0.0000    0.0000    0.0000    1.0000 ]
  step 38  T_ref:
    [   0.0455    0.0000    0.9990    0.4438 ]
    [   0.0000    1.0000    0.0000    0.0000 ]
    [  -0.9990    0.0000    0.0455    0.5852 ]
    [   0.0000    0.0000    0.0000    1.0000 ]
  step 38  Xerr: [+0.0202  +0.0000  -0.0043  -0.0442  -0.0259  -0.0185]  |Xerr|=0.0583
   39   0.390  [+0.4668 +0.0250 +0.5425]  [+0.4479 +0.0000 +0.5859]    0.0536    1.136   0.0571       0       0  *** HIGH ERROR
  step 39  T_actual:
    [   0.0367   -0.0195    0.9991    0.4668 ]
    [   0.0042    0.9998    0.0194    0.0250 ]
    [  -0.9993    0.0034    0.0368    0.5425 ]
    [   0.0000    0.0000    0.0000    1.0000 ]
  step 39  T_ref:
    [   0.0367    0.0000    0.9993    0.4479 ]
    [   0.0000    1.0000    0.0000    0.0000 ]
    [  -0.9993    0.0000    0.0367    0.5859 ]
    [   0.0000    0.0000    0.0000    1.0000 ]
  step 39  Xerr: [+0.0194  +0.0000  -0.0042  -0.0442  -0.0248  -0.0176]  |Xerr|=0.0571
   40   0.400  [+0.4697 +0.0239 +0.5406]  [+0.4521 +0.0000 +0.5867]    0.0548    1.089   0.0580       0       0  *** HIGH ERROR
  step 40  T_actual:
    [   0.0276   -0.0187    0.9994    0.4697 ]
    [   0.0041    0.9998    0.0186    0.0239 ]
    [  -0.9996    0.0035    0.0277    0.5406 ]
    [   0.0000    0.0000    0.0000    1.0000 ]
  step 40  T_ref:
    [   0.0276    0.0000    0.9996    0.4521 ]
    [   0.0000    1.0000    0.0000    0.0000 ]
    [  -0.9996    0.0000    0.0276    0.5867 ]
    [   0.0000    0.0000    0.0000    1.0000 ]
  step 40  Xerr: [+0.0186  +0.0000  -0.0041  -0.0466  -0.0237  -0.0165]  |Xerr|=0.0580
   41   0.410  [+0.4726 +0.0228 +0.5376]  [+0.4565 +0.0000 +0.5875]    0.0572    1.044   0.0600       0       0  *** HIGH ERROR
  step 41  T_actual:
    [   0.0181   -0.0178    0.9997    0.4726 ]
    [   0.0040    0.9998    0.0178    0.0228 ]
    [  -0.9998    0.0036    0.0182    0.5376 ]
    [   0.0000    0.0000    0.0000    1.0000 ]
  step 41  T_ref:
    [   0.0182    0.0000    0.9998    0.4565 ]
    [   0.0000    1.0000    0.0000    0.0000 ]
    [  -0.9998    0.0000    0.0182    0.5875 ]
    [   0.0000    0.0000    0.0000    1.0000 ]
  step 41  Xerr: [+0.0178  +0.0000  -0.0040  -0.0502  -0.0226  -0.0154]  |Xerr|=0.0600
   42   0.420  [+0.4758 +0.0218 +0.5369]  [+0.4610 +0.0000 +0.5882]    0.0576    1.001   0.0602       0       0  *** HIGH ERROR
  step 42  T_actual:
    [   0.0084   -0.0171    0.9998    0.4758 ]
    [   0.0039    0.9998    0.0170    0.0218 ]
    [  -1.0000    0.0037    0.0084    0.5369 ]
    [   0.0000    0.0000    0.0000    1.0000 ]
  step 42  T_ref:
    [   0.0084    0.0000    1.0000    0.4610 ]
    [   0.0000    1.0000    0.0000    0.0000 ]
    [  -1.0000    0.0000    0.0084    0.5882 ]
    [   0.0000    0.0000    0.0000    1.0000 ]
  step 42  Xerr: [+0.0170  +0.0000  -0.0039  -0.0514  -0.0216  -0.0145]  |Xerr|=0.0602
   43   0.430  [+0.4784 +0.0208 +0.5054]  [+0.4657 +0.0000 +0.5889]    0.0871    0.959   0.0886       0       0  *** HIGH ERROR
  step 43  T_actual:
    [  -0.0017   -0.0163    0.9999    0.4784 ]
    [   0.0038    0.9999    0.0163    0.0208 ]
    [  -1.0000    0.0038   -0.0017    0.5054 ]
    [   0.0000    0.0000    0.0000    1.0000 ]
  step 43  T_ref:
    [  -0.0017    0.0000    1.0000    0.4657 ]
    [   0.0000    1.0000    0.0000    0.0000 ]
    [  -1.0000    0.0000   -0.0017    0.5889 ]
    [   0.0000    0.0000    0.0000    1.0000 ]
  step 43  Xerr: [+0.0163  +0.0000  -0.0038  -0.0836  -0.0206  -0.0130]  |Xerr|=0.0886
   44   0.440  [+0.4818 +0.0199 +0.5074]  [+0.4706 +0.0000 +0.5896]    0.0853    0.919   0.0868       0       0  *** HIGH ERROR
  step 44  T_actual:
    [  -0.0121   -0.0156    0.9998    0.4818 ]
    [   0.0037    0.9999    0.0156    0.0199 ]
    [  -0.9999    0.0039   -0.0121    0.5074 ]
    [   0.0000    0.0000    0.0000    1.0000 ]
  step 44  T_ref:
    [  -0.0121    0.0000    0.9999    0.4706 ]
    [   0.0000    1.0000    0.0000    0.0000 ]
    [  -0.9999    0.0000   -0.0121    0.5896 ]
    [   0.0000    0.0000    0.0000    1.0000 ]
  step 44  Xerr: [+0.0156  +0.0000  -0.0037  -0.0821  -0.0197  -0.0124]  |Xerr|=0.0868
   45   0.450  [+0.4855 +0.0190 +0.5095]  [+0.4756 +0.0000 +0.5903]    0.0836    0.881   0.0850       0       0  *** HIGH ERROR
  step 45  T_actual:
    [  -0.0229   -0.0149    0.9996    0.4855 ]
    [   0.0037    0.9999    0.0149    0.0190 ]
    [  -0.9997    0.0040   -0.0228    0.5095 ]
    [   0.0000    0.0000    0.0000    1.0000 ]
  step 45  T_ref:
    [  -0.0229    0.0000    0.9997    0.4756 ]
    [   0.0000    1.0000    0.0000    0.0000 ]
    [  -0.9997    0.0000   -0.0229    0.5903 ]
    [   0.0000    0.0000    0.0000    1.0000 ]
  step 45  Xerr: [+0.0149  +0.0000  -0.0037  -0.0806  -0.0188  -0.0119]  |Xerr|=0.0850
   46   0.460  [+0.4894 +0.0181 +0.5114]  [+0.4807 +0.0000 +0.5909]    0.0820    0.845   0.0833       0       0  *** HIGH ERROR
  step 46  T_actual:
    [  -0.0339   -0.0142    0.9993    0.4894 ]
    [   0.0036    0.9999    0.0143    0.0181 ]
    [  -0.9994    0.0041   -0.0339    0.5114 ]
    [   0.0000    0.0000    0.0000    1.0000 ]
  step 46  T_ref:
    [  -0.0339    0.0000    0.9994    0.4807 ]
    [   0.0000    1.0000    0.0000    0.0000 ]
    [  -0.9994    0.0000   -0.0339    0.5909 ]
    [   0.0000    0.0000    0.0000    1.0000 ]
  step 46  Xerr: [+0.0143  +0.0000  -0.0036  -0.0792  -0.0179  -0.0115]  |Xerr|=0.0833
   47   0.470  [+0.4934 +0.0173 +0.5131]  [+0.4860 +0.0000 +0.5915]    0.0806    0.810   0.0818       0       0  *** HIGH ERROR
  step 47  T_actual:
    [  -0.0453   -0.0135    0.9989    0.4934 ]
    [   0.0035    0.9999    0.0137    0.0173 ]
    [  -0.9990    0.0041   -0.0452    0.5131 ]
    [   0.0000    0.0000    0.0000    1.0000 ]
  step 47  T_ref:
    [  -0.0453    0.0000    0.9990    0.4860 ]
    [   0.0000    1.0000    0.0000    0.0000 ]
    [  -0.9990    0.0000   -0.0453    0.5915 ]
    [   0.0000    0.0000    0.0000    1.0000 ]
  step 47  Xerr: [+0.0137  +0.0000  -0.0035  -0.0780  -0.0171  -0.0110]  |Xerr|=0.0818
   48   0.480  [+0.4976 +0.0165 +0.5147]  [+0.4915 +0.0000 +0.5920]    0.0793    0.777   0.0804       0       0  *** HIGH ERROR
  step 48  T_actual:
    [  -0.0569   -0.0129    0.9983    0.4976 ]
    [   0.0035    0.9999    0.0131    0.0165 ]
    [  -0.9984    0.0042   -0.0569    0.5147 ]
    [   0.0000    0.0000    0.0000    1.0000 ]
  step 48  T_ref:
    [  -0.0569    0.0000    0.9984    0.4915 ]
    [   0.0000    1.0000    0.0000    0.0000 ]
    [  -0.9984    0.0000   -0.0569    0.5920 ]
    [   0.0000    0.0000    0.0000    1.0000 ]
  step 48  Xerr: [+0.0131  +0.0000  -0.0035  -0.0768  -0.0163  -0.0106]  |Xerr|=0.0804
   49   0.490  [+0.5020 +0.0158 +0.5160]  [+0.4971 +0.0000 +0.5925]    0.0783    0.745   0.0793       0       0  *** HIGH ERROR
  step 49  T_actual:
    [  -0.0689   -0.0123    0.9975    0.5020 ]
    [   0.0034    0.9999    0.0125    0.0158 ]
    [  -0.9976    0.0043   -0.0688    0.5160 ]
    [   0.0000    0.0000    0.0000    1.0000 ]
  step 49  T_ref:
    [  -0.0689    0.0000    0.9976    0.4971 ]
    [   0.0000    1.0000    0.0000    0.0000 ]
    [  -0.9976    0.0000   -0.0689    0.5925 ]
    [   0.0000    0.0000    0.0000    1.0000 ]
  step 49  Xerr: [+0.0125  +0.0000  -0.0034  -0.0760  -0.0156  -0.0102]  |Xerr|=0.0793
   50   0.500  [+0.5065 +0.0150 +0.5164]  [+0.5029 +0.0000 +0.5929]    0.0781    0.714   0.0791       0       0  *** HIGH ERROR
  step 50  T_actual:
    [  -0.0811   -0.0117    0.9966    0.5065 ]
    [   0.0034    0.9999    0.0120    0.0150 ]
    [  -0.9967    0.0043   -0.0811    0.5164 ]
    [   0.0000    0.0000    0.0000    1.0000 ]
  step 50  T_ref:
    [  -0.0811    0.0000    0.9967    0.5029 ]
    [   0.0000    1.0000    0.0000    0.0000 ]
    [  -0.9967    0.0000   -0.0811    0.5929 ]
    [   0.0000    0.0000    0.0000    1.0000 ]
  step 50  Xerr: [+0.0120  +0.0000  -0.0034  -0.0760  -0.0148  -0.0099]  |Xerr|=0.0791
   51   0.510  [+0.5216 +0.0145 +0.4723]  [+0.5088 +0.0000 +0.5933]    0.1225    0.685   0.1231       0       0  *** HIGH ERROR
  step 51  T_actual:
    [  -0.0937   -0.0111    0.9955    0.5216 ]
    [   0.0033    0.9999    0.0115    0.0145 ]
    [  -0.9956    0.0044   -0.0936    0.4723 ]
    [   0.0000    0.0000    0.0000    1.0000 ]
  step 51  T_ref:
    [  -0.0937    0.0000    0.9956    0.5088 ]
    [   0.0000    1.0000    0.0000    0.0000 ]
    [  -0.9956    0.0000   -0.0937    0.5933 ]
    [   0.0000    0.0000    0.0000    1.0000 ]
  step 51  Xerr: [+0.0115  +0.0000  -0.0033  -0.1192  -0.0142  -0.0241]  |Xerr|=0.1231
   52   0.520  [+0.5256 +0.0138 +0.4748]  [+0.5149 +0.0000 +0.5936]    0.1200    0.657   0.1206       0       0  *** HIGH ERROR
  step 52  T_actual:
    [  -0.1065   -0.0106    0.9943    0.5256 ]
    [   0.0033    0.9999    0.0110    0.0138 ]
    [  -0.9943    0.0044   -0.1064    0.4748 ]
    [   0.0000    0.0000    0.0000    1.0000 ]
  step 52  T_ref:
    [  -0.1065    0.0000    0.9943    0.5149 ]
    [   0.0000    1.0000    0.0000    0.0000 ]
    [  -0.9943    0.0000   -0.1065    0.5936 ]
    [   0.0000    0.0000    0.0000    1.0000 ]
  step 52  Xerr: [+0.0110  +0.0000  -0.0033  -0.1170  -0.0135  -0.0234]  |Xerr|=0.1206
   53   0.530  [+0.5299 +0.0132 +0.4772]  [+0.5211 +0.0000 +0.5938]    0.1177    0.630   0.1182       0       0  *** HIGH ERROR
  step 53  T_actual:
    [  -0.1196   -0.0101    0.9928    0.5299 ]
    [   0.0032    0.9999    0.0105    0.0132 ]
    [  -0.9928    0.0045   -0.1195    0.4772 ]
    [   0.0000    0.0000    0.0000    1.0000 ]
  step 53  T_ref:
    [  -0.1196    0.0000    0.9928    0.5211 ]
    [   0.0000    1.0000    0.0000    0.0000 ]
    [  -0.9928    0.0000   -0.1196    0.5938 ]
    [   0.0000    0.0000    0.0000    1.0000 ]
  step 53  Xerr: [+0.0105  +0.0000  -0.0032  -0.1147  -0.0129  -0.0228]  |Xerr|=0.1182
   54   0.540  [+0.5344 +0.0126 +0.4794]  [+0.5274 +0.0000 +0.5939]    0.1154    0.605   0.1159       0       0  *** HIGH ERROR
  step 54  T_actual:
    [  -0.1329   -0.0096    0.9911    0.5344 ]
    [   0.0032    0.9999    0.0101    0.0126 ]
    [  -0.9911    0.0045   -0.1329    0.4794 ]
    [   0.0000    0.0000    0.0000    1.0000 ]
  step 54  T_ref:
    [  -0.1329    0.0000    0.9911    0.5274 ]
    [   0.0000    1.0000    0.0000    0.0000 ]
    [  -0.9911    0.0000   -0.1329    0.5939 ]
    [   0.0000    0.0000    0.0000    1.0000 ]
  step 54  Xerr: [+0.0101  +0.0000  -0.0032  -0.1126  -0.0123  -0.0222]  |Xerr|=0.1159
   55   0.550  [+0.5391 +0.0120 +0.4815]  [+0.5338 +0.0000 +0.5940]    0.1132    0.580   0.1137       0       0  *** HIGH ERROR
  step 55  T_actual:
    [  -0.1465   -0.0091    0.9892    0.5391 ]
    [   0.0031    0.9999    0.0096    0.0120 ]
    [  -0.9892    0.0045   -0.1465    0.4815 ]
    [   0.0000    0.0000    0.0000    1.0000 ]
  step 55  T_ref:
    [  -0.1465    0.0000    0.9892    0.5338 ]
    [   0.0000    1.0000    0.0000    0.0000 ]
    [  -0.9892    0.0000   -0.1465    0.5940 ]
    [   0.0000    0.0000    0.0000    1.0000 ]
  step 55  Xerr: [+0.0096  +0.0000  -0.0031  -0.1105  -0.0117  -0.0217]  |Xerr|=0.1137
   56   0.560  [+0.5440 +0.0114 +0.4835]  [+0.5404 +0.0000 +0.5939]    0.1111    0.557   0.1115       0       0  *** HIGH ERROR
  step 56  T_actual:
    [  -0.1603   -0.0086    0.9870    0.5440 ]
    [   0.0031    1.0000    0.0092    0.0114 ]
    [  -0.9871    0.0045   -0.1603    0.4835 ]
    [   0.0000    0.0000    0.0000    1.0000 ]
  step 56  T_ref:
    [  -0.1603    0.0000    0.9871    0.5404 ]
    [   0.0000    1.0000    0.0000    0.0000 ]
    [  -0.9871    0.0000   -0.1603    0.5939 ]
    [   0.0000    0.0000    0.0000    1.0000 ]
  step 56  Xerr: [+0.0092  +0.0000  -0.0031  -0.1085  -0.0111  -0.0212]  |Xerr|=0.1115
   57   0.570  [+0.5491 +0.0108 +0.4852]  [+0.5471 +0.0000 +0.5938]    0.1091    0.535   0.1095       0       0  *** HIGH ERROR
  step 57  T_actual:
    [  -0.1744   -0.0081    0.9846    0.5491 ]
    [   0.0031    1.0000    0.0088    0.0108 ]
    [  -0.9847    0.0046   -0.1744    0.4852 ]
    [   0.0000    0.0000    0.0000    1.0000 ]
  step 57  T_ref:
    [  -0.1744    0.0000    0.9847    0.5471 ]
    [   0.0000    1.0000    0.0000    0.0000 ]
    [  -0.9847    0.0000   -0.1744    0.5938 ]
    [   0.0000    0.0000    0.0000    1.0000 ]
  step 57  Xerr: [+0.0088  +0.0000  -0.0031  -0.1066  -0.0106  -0.0209]  |Xerr|=0.1095
   58   0.580  [+0.5543 +0.0103 +0.4867]  [+0.5540 +0.0000 +0.5936]    0.1074    0.514   0.1077       0       0  *** HIGH ERROR
  step 58  T_actual:
    [  -0.1887   -0.0077    0.9820    0.5543 ]
    [   0.0030    1.0000    0.0084    0.0103 ]
    [  -0.9820    0.0046   -0.1886    0.4867 ]
    [   0.0000    0.0000    0.0000    1.0000 ]
  step 58  T_ref:
    [  -0.1887    0.0000    0.9820    0.5540 ]
    [   0.0000    1.0000    0.0000    0.0000 ]
    [  -0.9820    0.0000   -0.1887    0.5936 ]
    [   0.0000    0.0000    0.0000    1.0000 ]
  step 58  Xerr: [+0.0084  +0.0000  -0.0030  -0.1049  -0.0100  -0.0206]  |Xerr|=0.1077
   59   0.590  [+0.5599 +0.0098 +0.4878]  [+0.5609 +0.0000 +0.5932]    0.1059    0.493   0.1062       0       0  *** HIGH ERROR
  step 59  T_actual:
    [  -0.2032   -0.0073    0.9791    0.5599 ]
    [   0.0030    1.0000    0.0081    0.0098 ]
    [  -0.9791    0.0046   -0.2031    0.4878 ]
    [   0.0000    0.0000    0.0000    1.0000 ]
  step 59  T_ref:
    [  -0.2032    0.0000    0.9791    0.5609 ]
    [   0.0000    1.0000    0.0000    0.0000 ]
    [  -0.9791    0.0000   -0.2032    0.5932 ]
    [   0.0000    0.0000    0.0000    1.0000 ]
  step 59  Xerr: [+0.0081  +0.0000  -0.0030  -0.1035  -0.0095  -0.0204]  |Xerr|=0.1062
   60   0.600  [+0.5656 +0.0093 +0.4878]  [+0.5680 +0.0000 +0.5928]    0.1054    0.474   0.1057       0       0  *** HIGH ERROR
  step 60  T_actual:
    [  -0.2179   -0.0069    0.9760    0.5656 ]
    [   0.0030    1.0000    0.0077    0.0093 ]
    [  -0.9760    0.0046   -0.2178    0.4878 ]
    [   0.0000    0.0000    0.0000    1.0000 ]
  step 60  T_ref:
    [  -0.2179    0.0000    0.9760    0.5680 ]
    [   0.0000    1.0000    0.0000    0.0000 ]
    [  -0.9760    0.0000   -0.2179    0.5928 ]
    [   0.0000    0.0000    0.0000    1.0000 ]
  step 60  Xerr: [+0.0077  +0.0000  -0.0030  -0.1030  -0.0091  -0.0206]  |Xerr|=0.1057
   61   0.610  [+0.5695 +0.0088 +0.4713]  [+0.5752 +0.0000 +0.5922]    0.1214    0.455   0.1216       0       0  *** HIGH ERROR
  step 61  T_actual:
    [  -0.2328   -0.0065    0.9725    0.5695 ]
    [   0.0029    1.0000    0.0074    0.0088 ]
    [  -0.9725    0.0046   -0.2327    0.4713 ]
    [   0.0000    0.0000    0.0000    1.0000 ]
  step 61  T_ref:
    [  -0.2328    0.0000    0.9725    0.5752 ]
    [   0.0000    1.0000    0.0000    0.0000 ]
    [  -0.9725    0.0000   -0.2328    0.5922 ]
    [   0.0000    0.0000    0.0000    1.0000 ]
  step 61  Xerr: [+0.0074  +0.0000  -0.0029  -0.1189  -0.0086  -0.0227]  |Xerr|=0.1216
   62   0.620  [+0.5746 +0.0084 +0.4710]  [+0.5824 +0.0000 +0.5915]    0.1211    0.438   0.1213       0       0  *** HIGH ERROR
  step 62  T_actual:
    [  -0.2478   -0.0061    0.9688    0.5746 ]
    [   0.0029    1.0000    0.0071    0.0084 ]
