Log file: C:\Users\admin\Documents\Robotics\Code\CourseraRobotics\2026-06-04_Capstone_Project\logs\capstone_testA_trajectory_comparison_2026-06-11_08-00-17.log

Loaded robot CSV : capstone_testA_trajectory.csv
Rows             : 707
Building reference trajectory from FK of perfect_config ...
Reference trajectory : 707 rows

----------------------------------------------------------------------------------------------------------------------
 step       t                  p_actual (x,y,z)                     p_ref (x,y,z)   pos_err  rot_deg   |Xerr|  grip_A  grip_R
----------------------------------------------------------------------------------------------------------------------
    0   0.000  [+0.3868 +0.0000 +0.5702]  [+0.3868 +0.0000 +0.5702]    0.0000    0.000   0.0000       0       0
  step 0  T_actual:
    [   0.1700    0.0000    0.9854    0.3868 ]
    [   0.0000    1.0000    0.0000    0.0000 ]
    [  -0.9854    0.0000    0.1700    0.5702 ]
    [   0.0000    0.0000    0.0000    1.0000 ]
  step 0  T_ref:
    [   0.1700    0.0000    0.9854    0.3868 ]
    [   0.0000    1.0000    0.0000    0.0000 ]
    [  -0.9854    0.0000    0.1700    0.5702 ]
    [   0.0000    0.0000    0.0000    1.0000 ]
  step 0  Xerr: [+0.0000  +0.0000  +0.0000  -0.0000  +0.0000  +0.0000]  |Xerr|=0.0000
  step 1  T_actual:
    [   0.1700    0.0000    0.9855    0.3868 ]
    [   0.0000    1.0000    0.0000    0.0000 ]
    [  -0.9855    0.0000    0.1700    0.5702 ]
    [   0.0000    0.0000    0.0000    1.0000 ]
  step 1  T_ref:
    [   0.1700    0.0000    0.9855    0.3868 ]
    [   0.0000    1.0000    0.0000    0.0000 ]
    [  -0.9855    0.0000    0.1700    0.5702 ]
    [   0.0000    0.0000    0.0000    1.0000 ]
  step 1  Xerr: [+0.0000  -0.0000  +0.0000  -0.0000  +0.0000  -0.0000]  |Xerr|=0.0000
  step 2  T_actual:
    [   0.1699    0.0000    0.9855    0.3868 ]
    [   0.0000    1.0000    0.0000    0.0000 ]
    [  -0.9855    0.0000    0.1699    0.5702 ]
    [   0.0000    0.0000    0.0000    1.0000 ]
  step 2  T_ref:
    [   0.1699    0.0000    0.9855    0.3868 ]
    [   0.0000    1.0000    0.0000    0.0000 ]
    [  -0.9855    0.0000    0.1699    0.5702 ]
    [   0.0000    0.0000    0.0000    1.0000 ]
  step 2  Xerr: [+0.0000  +0.0000  +0.0000  +0.0000  +0.0000  +0.0000]  |Xerr|=0.0000
  step 3  T_actual:
    [   0.1699    0.0000    0.9855    0.3869 ]
    [   0.0000    1.0000    0.0000    0.0000 ]
    [  -0.9855    0.0000    0.1699    0.5702 ]
    [   0.0000    0.0000    0.0000    1.0000 ]
  step 3  T_ref:
    [   0.1699    0.0000    0.9855    0.3869 ]
    [   0.0000    1.0000    0.0000    0.0000 ]
    [  -0.9855    0.0000    0.1699    0.5702 ]
    [   0.0000    0.0000    0.0000    1.0000 ]
  step 3  Xerr: [+0.0000  -0.0000  +0.0000  -0.0000  +0.0000  -0.0000]  |Xerr|=0.0000
  step 4  T_actual:
    [   0.1698    0.0000    0.9855    0.3869 ]
    [   0.0000    1.0000    0.0000    0.0000 ]
    [  -0.9855    0.0000    0.1698    0.5702 ]
    [   0.0000    0.0000    0.0000    1.0000 ]
  step 4  T_ref:
    [   0.1698    0.0000    0.9855    0.3869 ]
    [   0.0000    1.0000    0.0000    0.0000 ]
    [  -0.9855    0.0000    0.1698    0.5702 ]
    [   0.0000    0.0000    0.0000    1.0000 ]
  step 4  Xerr: [+0.0000  -0.0000  +0.0000  -0.0000  +0.0000  -0.0000]  |Xerr|=0.0000
  step 5  T_actual:
    [   0.1696    0.0000    0.9855    0.3870 ]
    [   0.0000    1.0000    0.0000    0.0000 ]
    [  -0.9855    0.0000    0.1696    0.5703 ]
    [   0.0000    0.0000    0.0000    1.0000 ]
  step 5  T_ref:
    [   0.1696    0.0000    0.9855    0.3870 ]
    [   0.0000    1.0000    0.0000    0.0000 ]
    [  -0.9855    0.0000    0.1696    0.5703 ]
    [   0.0000    0.0000    0.0000    1.0000 ]
  step 5  Xerr: [+0.0000  +0.0000  +0.0000  -0.0000  +0.0000  -0.0000]  |Xerr|=0.0000
  step 6  T_actual:
    [   0.1693    0.0000    0.9856    0.3871 ]
    [   0.0000    1.0000    0.0000    0.0000 ]
    [  -0.9856    0.0000    0.1693    0.5703 ]
    [   0.0000    0.0000    0.0000    1.0000 ]
  step 6  T_ref:
    [   0.1693    0.0000    0.9856    0.3871 ]
    [   0.0000    1.0000    0.0000    0.0000 ]
    [  -0.9856    0.0000    0.1693    0.5703 ]
    [   0.0000    0.0000    0.0000    1.0000 ]
  step 6  Xerr: [+0.0000  +0.0000  +0.0000  -0.0000  +0.0000  +0.0000]  |Xerr|=0.0000
  step 7  T_actual:
    [   0.1689    0.0000    0.9856    0.3873 ]
    [   0.0000    1.0000    0.0000    0.0000 ]
    [  -0.9856    0.0000    0.1689    0.5703 ]
    [   0.0000    0.0000    0.0000    1.0000 ]
  step 7  T_ref:
    [   0.1689    0.0000    0.9856    0.3873 ]
    [   0.0000    1.0000    0.0000    0.0000 ]
    [  -0.9856    0.0000    0.1689    0.5703 ]
    [   0.0000    0.0000    0.0000    1.0000 ]
  step 7  Xerr: [+0.0000  -0.0000  +0.0000  -0.0000  +0.0000  +0.0000]  |Xerr|=0.0000
  step 8  T_actual:
    [   0.1684    0.0000    0.9857    0.3875 ]
    [   0.0000    1.0000    0.0000    0.0000 ]
    [  -0.9857    0.0000    0.1684    0.5704 ]
    [   0.0000    0.0000    0.0000    1.0000 ]
  step 8  T_ref:
    [   0.1684    0.0000    0.9857    0.3875 ]
    [   0.0000    1.0000    0.0000    0.0000 ]
    [  -0.9857    0.0000    0.1684    0.5704 ]
    [   0.0000    0.0000    0.0000    1.0000 ]
  step 8  Xerr: [+0.0000  +0.0000  +0.0000  -0.0000  +0.0000  +0.0000]  |Xerr|=0.0000
  step 9  T_actual:
    [   0.1678    0.0000    0.9858    0.3878 ]
    [   0.0000    1.0000    0.0000    0.0000 ]
    [  -0.9858    0.0000    0.1678    0.5705 ]
    [   0.0000    0.0000    0.0000    1.0000 ]
  step 9  T_ref:
    [   0.1678    0.0000    0.9858    0.3878 ]
    [   0.0000    1.0000    0.0000    0.0000 ]
    [  -0.9858    0.0000    0.1678    0.5705 ]
    [   0.0000    0.0000    0.0000    1.0000 ]
  step 9  Xerr: [+0.0000  -0.0000  +0.0000  -0.0000  +0.0000  +0.0000]  |Xerr|=0.0000
   10   0.100  [+0.3881 +0.0000 +0.5706]  [+0.3881 +0.0000 +0.5706]    0.0000    0.000   0.0000       0       0
  step 10  T_actual:
    [   0.1670    0.0000    0.9860    0.3881 ]
    [   0.0000    1.0000    0.0000    0.0000 ]
    [  -0.9860    0.0000    0.1670    0.5706 ]
    [   0.0000    0.0000    0.0000    1.0000 ]
  step 10  T_ref:
    [   0.1670    0.0000    0.9860    0.3881 ]
    [   0.0000    1.0000    0.0000    0.0000 ]
    [  -0.9860    0.0000    0.1670    0.5706 ]
    [   0.0000    0.0000    0.0000    1.0000 ]
  step 10  Xerr: [+0.0000  -0.0000  +0.0000  -0.0000  +0.0000  +0.0000]  |Xerr|=0.0000
  step 11  T_actual:
    [   0.1661    0.0000    0.9861    0.3886 ]
    [   0.0000    1.0000    0.0000    0.0000 ]
    [  -0.9861    0.0000    0.1661    0.5707 ]
    [   0.0000    0.0000    0.0000    1.0000 ]
  step 11  T_ref:
    [   0.1661    0.0000    0.9861    0.3886 ]
    [   0.0000    1.0000    0.0000    0.0000 ]
    [  -0.9861    0.0000    0.1661    0.5708 ]
    [   0.0000    0.0000    0.0000    1.0000 ]
  step 11  Xerr: [+0.0000  -0.0000  +0.0000  -0.0001  +0.0000  +0.0000]  |Xerr|=0.0001
  step 12  T_actual:
    [   0.1650    0.0000    0.9863    0.3891 ]
    [   0.0000    1.0000    0.0000    0.0000 ]
    [  -0.9863    0.0000    0.1650    0.5708 ]
    [   0.0000    0.0000    0.0000    1.0000 ]
  step 12  T_ref:
    [   0.1650    0.0000    0.9863    0.3891 ]
    [   0.0000    1.0000    0.0000    0.0000 ]
    [  -0.9863    0.0000    0.1650    0.5709 ]
    [   0.0000    0.0000    0.0000    1.0000 ]
  step 12  Xerr: [+0.0000  +0.0000  +0.0000  -0.0002  +0.0000  +0.0000]  |Xerr|=0.0002
  step 13  T_actual:
    [   0.1637    0.0000    0.9865    0.3897 ]
    [   0.0000    1.0000    0.0000    0.0000 ]
    [  -0.9865    0.0000    0.1637    0.5707 ]
    [   0.0000    0.0000    0.0000    1.0000 ]
  step 13  T_ref:
    [   0.1637    0.0000    0.9865    0.3897 ]
    [   0.0000    1.0000    0.0000    0.0000 ]
    [  -0.9865    0.0000    0.1637    0.5711 ]
    [   0.0000    0.0000    0.0000    1.0000 ]
  step 13  Xerr: [+0.0000  +0.0000  +0.0000  -0.0004  +0.0000  +0.0000]  |Xerr|=0.0004
  step 14  T_actual:
    [   0.1622    0.0000    0.9868    0.3904 ]
    [   0.0000    1.0000    0.0000    0.0000 ]
    [  -0.9868    0.0000    0.1622    0.5705 ]
    [   0.0000    0.0000    0.0000    1.0000 ]
  step 14  T_ref:
    [   0.1622    0.0000    0.9868    0.3903 ]
    [   0.0000    1.0000    0.0000    0.0000 ]
    [  -0.9868    0.0000    0.1622    0.5713 ]
    [   0.0000    0.0000    0.0000    1.0000 ]
  step 14  Xerr: [+0.0000  -0.0000  +0.0000  -0.0009  +0.0000  +0.0001]  |Xerr|=0.0009
  step 15  T_actual:
    [   0.1605    0.0000    0.9870    0.3912 ]
    [   0.0000    1.0000    0.0000    0.0000 ]
    [  -0.9870    0.0000    0.1605    0.5703 ]
    [   0.0000    0.0000    0.0000    1.0000 ]
  step 15  T_ref:
    [   0.1605    0.0000    0.9870    0.3911 ]
    [   0.0000    1.0000    0.0000    0.0000 ]
    [  -0.9870    0.0000    0.1605    0.5716 ]
    [   0.0000    0.0000    0.0000    1.0000 ]
  step 15  Xerr: [+0.0000  -0.0000  +0.0000  -0.0013  +0.0000  +0.0001]  |Xerr|=0.0013
  step 16  T_actual:
    [   0.1586    0.0000    0.9873    0.3921 ]
    [   0.0000    1.0000    0.0000    0.0000 ]
    [  -0.9873    0.0000    0.1586    0.5695 ]
    [   0.0000    0.0000    0.0000    1.0000 ]
  step 16  T_ref:
    [   0.1586    0.0000    0.9873    0.3920 ]
    [   0.0000    1.0000    0.0000    0.0000 ]
    [  -0.9873    0.0000    0.1586    0.5719 ]
    [   0.0000    0.0000    0.0000    1.0000 ]
  step 16  Xerr: [+0.0000  +0.0000  +0.0000  -0.0024  +0.0000  +0.0002]  |Xerr|=0.0024
  step 17  T_actual:
    [   0.1564    0.0000    0.9877    0.3931 ]
    [   0.0000    1.0000    0.0000    0.0000 ]
    [  -0.9877    0.0000    0.1564    0.5696 ]
    [   0.0000    0.0000    0.0000    1.0000 ]
  step 17  T_ref:
    [   0.1564    0.0000    0.9877    0.3930 ]
    [   0.0000    1.0000    0.0000    0.0000 ]
    [  -0.9877    0.0000    0.1564    0.5722 ]
    [   0.0000    0.0000    0.0000    1.0000 ]
  step 17  Xerr: [+0.0000  +0.0000  +0.0000  -0.0026  +0.0000  +0.0003]  |Xerr|=0.0026
  step 18  T_actual:
    [   0.1540    0.0000    0.9881    0.3942 ]
    [   0.0000    1.0000    0.0000    0.0000 ]
    [  -0.9881    0.0000    0.1540    0.5689 ]
    [   0.0000    0.0000    0.0000    1.0000 ]
  step 18  T_ref:
    [   0.1540    0.0000    0.9881    0.3940 ]
    [   0.0000    1.0000    0.0000    0.0000 ]
    [  -0.9881    0.0000    0.1540    0.5725 ]
    [   0.0000    0.0000    0.0000    1.0000 ]
  step 18  Xerr: [+0.0000  -0.0000  +0.0000  -0.0036  +0.0000  +0.0004]  |Xerr|=0.0036
  step 19  T_actual:
    [   0.1514    0.0000    0.9885    0.3954 ]
    [   0.0000    1.0000    0.0000    0.0000 ]
    [  -0.9885    0.0000    0.1514    0.5687 ]
    [   0.0000    0.0000    0.0000    1.0000 ]
  step 19  T_ref:
    [   0.1514    0.0000    0.9885    0.3952 ]
    [   0.0000    1.0000    0.0000    0.0000 ]
    [  -0.9885    0.0000    0.1514    0.5729 ]
    [   0.0000    0.0000    0.0000    1.0000 ]
  step 19  Xerr: [+0.0000  -0.0000  +0.0000  -0.0041  +0.0000  +0.0004]  |Xerr|=0.0042
   20   0.200  [+0.3966 +0.0000 +0.5578]  [+0.3966 +0.0000 +0.5733]    0.0155    0.000   0.0155       0       0
  step 20  T_actual:
    [   0.1485    0.0000    0.9889    0.3966 ]
    [   0.0000    1.0000    0.0000    0.0000 ]
    [  -0.9889    0.0000    0.1485    0.5578 ]
    [   0.0000    0.0000    0.0000    1.0000 ]
  step 20  T_ref:
    [   0.1485    0.0000    0.9889    0.3966 ]
    [   0.0000    1.0000    0.0000    0.0000 ]
    [  -0.9889    0.0000    0.1485    0.5733 ]
    [   0.0000    0.0000    0.0000    1.0000 ]
  step 20  Xerr: [+0.0000  +0.0000  +0.0000  -0.0154  +0.0000  +0.0023]  |Xerr|=0.0155
  step 21  T_actual:
    [   0.1453    0.0000    0.9894    0.3979 ]
    [   0.0000    1.0000    0.0000    0.0000 ]
    [  -0.9894    0.0000    0.1453    0.5582 ]
    [   0.0000    0.0000    0.0000    1.0000 ]
  step 21  T_ref:
    [   0.1453    0.0000    0.9894    0.3980 ]
    [   0.0000    1.0000    0.0000    0.0000 ]
    [  -0.9894    0.0000    0.1453    0.5737 ]
    [   0.0000    0.0000    0.0000    1.0000 ]
  step 21  Xerr: [+0.0000  -0.0000  +0.0000  -0.0154  +0.0000  +0.0023]  |Xerr|=0.0156
  step 22  T_actual:
    [   0.1419    0.0000    0.9899    0.3995 ]
    [   0.0000    1.0000    0.0000    0.0000 ]
    [  -0.9899    0.0000    0.1419    0.5586 ]
    [   0.0000    0.0000    0.0000    1.0000 ]
  step 22  T_ref:
    [   0.1419    0.0000    0.9899    0.3996 ]
    [   0.0000    1.0000    0.0000    0.0000 ]
    [  -0.9899    0.0000    0.1419    0.5742 ]
    [   0.0000    0.0000    0.0000    1.0000 ]
  step 22  Xerr: [+0.0000  +0.0000  +0.0000  -0.0154  +0.0000  +0.0023]  |Xerr|=0.0156
  step 23  T_actual:
    [   0.1382    0.0000    0.9904    0.4011 ]
    [   0.0000    1.0000    0.0000    0.0000 ]
    [  -0.9904    0.0000    0.1382    0.5591 ]
    [   0.0000    0.0000    0.0000    1.0000 ]
  step 23  T_ref:
    [   0.1382    0.0000    0.9904    0.4013 ]
    [   0.0000    1.0000    0.0000    0.0000 ]
    [  -0.9904    0.0000    0.1382    0.5747 ]
    [   0.0000    0.0000    0.0000    1.0000 ]
  step 23  Xerr: [+0.0000  +0.0000  +0.0000  -0.0155  +0.0000  +0.0023]  |Xerr|=0.0157
  step 24  T_actual:
    [   0.1342    0.0000    0.9910    0.4028 ]
    [   0.0000    1.0000    0.0000    0.0000 ]
    [  -0.9910    0.0000    0.1342    0.5595 ]
    [   0.0000    0.0000    0.0000    1.0000 ]
  step 24  T_ref:
    [   0.1342    0.0000    0.9910    0.4031 ]
    [   0.0000    1.0000    0.0000    0.0000 ]
    [  -0.9910    0.0000    0.1342    0.5752 ]
    [   0.0000    0.0000    0.0000    1.0000 ]
  step 24  Xerr: [+0.0000  +0.0000  +0.0000  -0.0156  +0.0000  +0.0023]  |Xerr|=0.0157
  step 25  T_actual:
    [   0.1299    0.0000    0.9915    0.4047 ]
    [   0.0000    1.0000    0.0000    0.0000 ]
    [  -0.9915    0.0000    0.1299    0.5600 ]
    [   0.0000    0.0000    0.0000    1.0000 ]
  step 25  T_ref:
    [   0.1299    0.0000    0.9915    0.4050 ]
    [   0.0000    1.0000    0.0000    0.0000 ]
    [  -0.9915    0.0000    0.1299    0.5758 ]
    [   0.0000    0.0000    0.0000    1.0000 ]
  step 25  Xerr: [+0.0000  -0.0000  +0.0000  -0.0157  +0.0000  +0.0024]  |Xerr|=0.0158
  step 26  T_actual:
    [   0.1253    0.0000    0.9921    0.4067 ]
    [   0.0000    1.0000    0.0000    0.0000 ]
    [  -0.9921    0.0000    0.1253    0.5604 ]
    [   0.0000    0.0000    0.0000    1.0000 ]
  step 26  T_ref:
    [   0.1253    0.0000    0.9921    0.4071 ]
    [   0.0000    1.0000    0.0000    0.0000 ]
    [  -0.9921    0.0000    0.1253    0.5764 ]
    [   0.0000    0.0000    0.0000    1.0000 ]
  step 26  Xerr: [+0.0000  +0.0000  +0.0000  -0.0158  +0.0000  +0.0024]  |Xerr|=0.0160
  step 27  T_actual:
    [   0.1204    0.0000    0.9927    0.4089 ]
    [   0.0000    1.0000    0.0000    0.0000 ]
    [  -0.9927    0.0000    0.1204    0.5607 ]
    [   0.0000    0.0000    0.0000    1.0000 ]
  step 27  T_ref:
    [   0.1204    0.0000    0.9927    0.4094 ]
    [   0.0000    1.0000    0.0000    0.0000 ]
    [  -0.9927    0.0000    0.1204    0.5770 ]
    [   0.0000    0.0000    0.0000    1.0000 ]
  step 27  Xerr: [+0.0000  -0.0000  +0.0000  -0.0161  +0.0000  +0.0024]  |Xerr|=0.0163
  step 28  T_actual:
    [   0.1152    0.0000    0.9933    0.4111 ]
    [   0.0000    1.0000    0.0000    0.0000 ]
    [  -0.9933    0.0000    0.1152    0.5606 ]
    [   0.0000    0.0000    0.0000    1.0000 ]
  step 28  T_ref:
    [   0.1152    0.0000    0.9933    0.4117 ]
    [   0.0000    1.0000    0.0000    0.0000 ]
    [  -0.9933    0.0000    0.1152    0.5777 ]
    [   0.0000    0.0000    0.0000    1.0000 ]
  step 28  Xerr: [+0.0000  -0.0000  +0.0000  -0.0169  +0.0000  +0.0026]  |Xerr|=0.0171
  step 29  T_actual:
    [   0.1097    0.0000    0.9940    0.4140 ]
    [   0.0000    1.0000    0.0000    0.0000 ]
    [  -0.9940    0.0000    0.1097    0.5539 ]
    [   0.0000    0.0000    0.0000    1.0000 ]
  step 29  T_ref:
    [   0.1097    0.0000    0.9940    0.4143 ]
    [   0.0000    1.0000    0.0000    0.0000 ]
    [  -0.9940    0.0000    0.1097    0.5784 ]
    [   0.0000    0.0000    0.0000    1.0000 ]
  step 29  Xerr: [+0.0000  +0.0000  +0.0000  -0.0243  +0.0000  +0.0029]  |Xerr|=0.0245
   30   0.300  [+0.4166 +0.0000 +0.5544]  [+0.4169 +0.0000 +0.5791]    0.0247    0.000   0.0247       0       0
  step 30  T_actual:
    [   0.1039    0.0000    0.9946    0.4166 ]
    [   0.0000    1.0000    0.0000    0.0000 ]
    [  -0.9946    0.0000    0.1039    0.5544 ]
    [   0.0000    0.0000    0.0000    1.0000 ]
  step 30  T_ref:
    [   0.1039    0.0000    0.9946    0.4169 ]
    [   0.0000    1.0000    0.0000    0.0000 ]
    [  -0.9946    0.0000    0.1039    0.5791 ]
    [   0.0000    0.0000    0.0000    1.0000 ]
  step 30  Xerr: [+0.0000  +0.0000  +0.0000  -0.0245  +0.0000  +0.0029]  |Xerr|=0.0247
  step 31  T_actual:
    [   0.0977    0.0000    0.9952    0.4193 ]
    [   0.0000    1.0000    0.0000    0.0000 ]
    [  -0.9952    0.0000    0.0977    0.5548 ]
    [   0.0000    0.0000    0.0000    1.0000 ]
  step 31  T_ref:
    [   0.0977    0.0000    0.9952    0.4198 ]
    [   0.0000    1.0000    0.0000    0.0000 ]
    [  -0.9952    0.0000    0.0977    0.5798 ]
    [   0.0000    0.0000    0.0000    1.0000 ]
  step 31  Xerr: [+0.0000  -0.0000  +0.0000  -0.0248  +0.0000  +0.0029]  |Xerr|=0.0250
  step 32  T_actual:
    [   0.0913    0.0000    0.9958    0.4222 ]
    [   0.0000    1.0000    0.0000    0.0000 ]
    [  -0.9958    0.0000    0.0913    0.5548 ]
    [   0.0000    0.0000    0.0000    1.0000 ]
  step 32  T_ref:
    [   0.0913    0.0000    0.9958    0.4227 ]
    [   0.0000    1.0000    0.0000    0.0000 ]
    [  -0.9958    0.0000    0.0913    0.5805 ]
    [   0.0000    0.0000    0.0000    1.0000 ]
  step 32  Xerr: [+0.0000  -0.0000  +0.0000  -0.0255  +0.0000  +0.0029]  |Xerr|=0.0257
  step 33  T_actual:
    [   0.0845    0.0000    0.9964    0.4254 ]
    [   0.0000    1.0000    0.0000    0.0000 ]
    [  -0.9964    0.0000    0.0845    0.5483 ]
    [   0.0000    0.0000    0.0000    1.0000 ]
  step 33  T_ref:
    [   0.0845    0.0000    0.9964    0.4259 ]
    [   0.0000    1.0000    0.0000    0.0000 ]
    [  -0.9964    0.0000    0.0845    0.5813 ]
    [   0.0000    0.0000    0.0000    1.0000 ]
  step 33  Xerr: [+0.0000  -0.0000  +0.0000  -0.0328  +0.0000  +0.0032]  |Xerr|=0.0330
  step 34  T_actual:
    [   0.0773    0.0000    0.9970    0.4285 ]
    [   0.0000    1.0000    0.0000    0.0000 ]
    [  -0.9970    0.0000    0.0773    0.5489 ]
    [   0.0000    0.0000    0.0000    1.0000 ]
  step 34  T_ref:
    [   0.0773    0.0000    0.9970    0.4291 ]
    [   0.0000    1.0000    0.0000    0.0000 ]
    [  -0.9970    0.0000    0.0773    0.5820 ]
    [   0.0000    0.0000    0.0000    1.0000 ]
  step 34  Xerr: [+0.0000  -0.0000  +0.0000  -0.0330  +0.0000  +0.0032]  |Xerr|=0.0332
  step 35  T_actual:
    [   0.0699    0.0000    0.9976    0.4317 ]
    [   0.0000    1.0000    0.0000    0.0000 ]
    [  -0.9976    0.0000    0.0699    0.5493 ]
    [   0.0000    0.0000    0.0000    1.0000 ]
  step 35  T_ref:
    [   0.0699    0.0000    0.9976    0.4326 ]
    [   0.0000    1.0000    0.0000    0.0000 ]
    [  -0.9976    0.0000    0.0699    0.5828 ]
    [   0.0000    0.0000    0.0000    1.0000 ]
  step 35  Xerr: [+0.0000  -0.0000  +0.0000  -0.0334  +0.0000  +0.0032]  |Xerr|=0.0335
  step 36  T_actual:
    [   0.0621    0.0000    0.9981    0.4351 ]
    [   0.0000    1.0000    0.0000    0.0000 ]
    [  -0.9981    0.0000    0.0621    0.5492 ]
    [   0.0000    0.0000    0.0000    1.0000 ]
  step 36  T_ref:
    [   0.0621    0.0000    0.9981    0.4362 ]
    [   0.0000    1.0000    0.0000    0.0000 ]
    [  -0.9981    0.0000    0.0621    0.5836 ]
    [   0.0000    0.0000    0.0000    1.0000 ]
  step 36  Xerr: [+0.0000  -0.0000  +0.0000  -0.0342  +0.0000  +0.0032]  |Xerr|=0.0344
  step 37  T_actual:
    [   0.0540    0.0000    0.9985    0.4384 ]
    [   0.0000    1.0000    0.0000    0.0000 ]
    [  -0.9985    0.0000    0.0540    0.5412 ]
    [   0.0000    0.0000    0.0000    1.0000 ]
  step 37  T_ref:
    [   0.0540    0.0000    0.9985    0.4399 ]
    [   0.0000    1.0000    0.0000    0.0000 ]
    [  -0.9985    0.0000    0.0540    0.5844 ]
    [   0.0000    0.0000    0.0000    1.0000 ]
  step 37  Xerr: [+0.0000  +0.0000  +0.0000  -0.0430  +0.0000  +0.0038]  |Xerr|=0.0432
  step 38  T_actual:
    [   0.0455    0.0000    0.9990    0.4419 ]
    [   0.0000    1.0000    0.0000    0.0000 ]
    [  -0.9990    0.0000    0.0455    0.5417 ]
    [   0.0000    0.0000    0.0000    1.0000 ]
  step 38  T_ref:
    [   0.0455    0.0000    0.9990    0.4438 ]
    [   0.0000    1.0000    0.0000    0.0000 ]
    [  -0.9990    0.0000    0.0455    0.5852 ]
    [   0.0000    0.0000    0.0000    1.0000 ]
  step 38  Xerr: [+0.0000  +0.0000  +0.0000  -0.0433  +0.0000  +0.0038]  |Xerr|=0.0435
  step 39  T_actual:
    [   0.0367    0.0000    0.9993    0.4456 ]
    [   0.0000    1.0000    0.0000    0.0000 ]
    [  -0.9993    0.0000    0.0367    0.5420 ]
    [   0.0000    0.0000    0.0000    1.0000 ]
  step 39  T_ref:
    [   0.0367    0.0000    0.9993    0.4479 ]
    [   0.0000    1.0000    0.0000    0.0000 ]
    [  -0.9993    0.0000    0.0367    0.5859 ]
    [   0.0000    0.0000    0.0000    1.0000 ]
  step 39  Xerr: [+0.0000  +0.0000  +0.0000  -0.0438  +0.0000  +0.0039]  |Xerr|=0.0440
   40   0.400  [+0.4494 +0.0000 +0.5415]  [+0.4521 +0.0000 +0.5867]    0.0452    0.000   0.0452       0       0
  step 40  T_actual:
    [   0.0276    0.0000    0.9996    0.4494 ]
    [   0.0000    1.0000    0.0000    0.0000 ]
    [  -0.9996    0.0000    0.0276    0.5415 ]
    [   0.0000    0.0000    0.0000    1.0000 ]
  step 40  T_ref:
    [   0.0276    0.0000    0.9996    0.4521 ]
    [   0.0000    1.0000    0.0000    0.0000 ]
    [  -0.9996    0.0000    0.0276    0.5867 ]
    [   0.0000    0.0000    0.0000    1.0000 ]
  step 40  Xerr: [+0.0000  +0.0000  +0.0000  -0.0451  +0.0000  +0.0039]  |Xerr|=0.0452
   41   0.410  [+0.4576 +0.0000 +0.5165]  [+0.4565 +0.0000 +0.5875]    0.0710    0.000   0.0710       0       0  *** HIGH ERROR
  step 41  T_actual:
    [   0.0182    0.0000    0.9998    0.4576 ]
    [   0.0000    1.0000    0.0000    0.0000 ]
    [  -0.9998    0.0000    0.0182    0.5165 ]
    [   0.0000    0.0000    0.0000    1.0000 ]
  step 41  T_ref:
    [   0.0182    0.0000    0.9998    0.4565 ]
    [   0.0000    1.0000    0.0000    0.0000 ]
    [  -0.9998    0.0000    0.0182    0.5875 ]
    [   0.0000    0.0000    0.0000    1.0000 ]
  step 41  Xerr: [+0.0000  -0.0000  +0.0000  -0.0710  +0.0000  +0.0002]  |Xerr|=0.0710
   42   0.420  [+0.4614 +0.0000 +0.5172]  [+0.4610 +0.0000 +0.5882]    0.0710    0.000   0.0710       0       0  *** HIGH ERROR
  step 42  T_actual:
    [   0.0084    0.0000    1.0000    0.4614 ]
    [   0.0000    1.0000    0.0000    0.0000 ]
    [  -1.0000    0.0000    0.0084    0.5172 ]
    [   0.0000    0.0000    0.0000    1.0000 ]
  step 42  T_ref:
    [   0.0084    0.0000    1.0000    0.4610 ]
    [   0.0000    1.0000    0.0000    0.0000 ]
    [  -1.0000    0.0000    0.0084    0.5882 ]
    [   0.0000    0.0000    0.0000    1.0000 ]
  step 42  Xerr: [+0.0000  -0.0000  +0.0000  -0.0710  +0.0000  +0.0002]  |Xerr|=0.0710
   43   0.430  [+0.4654 +0.0000 +0.5178]  [+0.4657 +0.0000 +0.5889]    0.0711    0.000   0.0711       0       0  *** HIGH ERROR
  step 43  T_actual:
    [  -0.0017    0.0000    1.0000    0.4654 ]
    [   0.0000    1.0000    0.0000    0.0000 ]
    [  -1.0000    0.0000   -0.0017    0.5178 ]
    [   0.0000    0.0000    0.0000    1.0000 ]
  step 43  T_ref:
    [  -0.0017    0.0000    1.0000    0.4657 ]
    [   0.0000    1.0000    0.0000    0.0000 ]
    [  -1.0000    0.0000   -0.0017    0.5889 ]
    [   0.0000    0.0000    0.0000    1.0000 ]
  step 43  Xerr: [+0.0000  -0.0000  +0.0000  -0.0711  +0.0000  +0.0001]  |Xerr|=0.0711
   44   0.440  [+0.4696 +0.0000 +0.5184]  [+0.4706 +0.0000 +0.5896]    0.0712    0.000   0.0712       0       0  *** HIGH ERROR
  step 44  T_actual:
    [  -0.0121    0.0000    0.9999    0.4696 ]
    [   0.0000    1.0000    0.0000    0.0000 ]
    [  -0.9999    0.0000   -0.0121    0.5184 ]
    [   0.0000    0.0000    0.0000    1.0000 ]
  step 44  T_ref:
    [  -0.0121    0.0000    0.9999    0.4706 ]
    [   0.0000    1.0000    0.0000    0.0000 ]
    [  -0.9999    0.0000   -0.0121    0.5896 ]
    [   0.0000    0.0000    0.0000    1.0000 ]
  step 44  Xerr: [+0.0000  -0.0000  +0.0000  -0.0712  +0.0000  +0.0001]  |Xerr|=0.0712
   45   0.450  [+0.4739 +0.0000 +0.5190]  [+0.4756 +0.0000 +0.5903]    0.0713    0.000   0.0713       0       0  *** HIGH ERROR
  step 45  T_actual:
    [  -0.0229    0.0000    0.9997    0.4739 ]
    [   0.0000    1.0000    0.0000    0.0000 ]
    [  -0.9997    0.0000   -0.0229    0.5190 ]
    [   0.0000    0.0000    0.0000    1.0000 ]
  step 45  T_ref:
    [  -0.0229    0.0000    0.9997    0.4756 ]
    [   0.0000    1.0000    0.0000    0.0000 ]
    [  -0.9997    0.0000   -0.0229    0.5903 ]
    [   0.0000    0.0000    0.0000    1.0000 ]
  step 45  Xerr: [+0.0000  +0.0000  +0.0000  -0.0713  +0.0000  +0.0000]  |Xerr|=0.0713
   46   0.460  [+0.4783 +0.0000 +0.5194]  [+0.4807 +0.0000 +0.5909]    0.0715    0.000   0.0715       0       0  *** HIGH ERROR
  step 46  T_actual:
    [  -0.0339    0.0000    0.9994    0.4783 ]
    [   0.0000    1.0000    0.0000    0.0000 ]
    [  -0.9994    0.0000   -0.0339    0.5194 ]
    [   0.0000    0.0000    0.0000    1.0000 ]
  step 46  T_ref:
    [  -0.0339    0.0000    0.9994    0.4807 ]
    [   0.0000    1.0000    0.0000    0.0000 ]
    [  -0.9994    0.0000   -0.0339    0.5909 ]
    [   0.0000    0.0000    0.0000    1.0000 ]
  step 46  Xerr: [+0.0000  +0.0000  +0.0000  -0.0715  +0.0000  -0.0000]  |Xerr|=0.0715
   47   0.470  [+0.4829 +0.0000 +0.5198]  [+0.4860 +0.0000 +0.5915]    0.0718    0.000   0.0718       0       0  *** HIGH ERROR
  step 47  T_actual:
    [  -0.0453    0.0000    0.9990    0.4829 ]
    [   0.0000    1.0000    0.0000    0.0000 ]
    [  -0.9990    0.0000   -0.0453    0.5198 ]
    [   0.0000    0.0000    0.0000    1.0000 ]
  step 47  T_ref:
    [  -0.0453    0.0000    0.9990    0.4860 ]
    [   0.0000    1.0000    0.0000    0.0000 ]
    [  -0.9990    0.0000   -0.0453    0.5915 ]
    [   0.0000    0.0000    0.0000    1.0000 ]
  step 47  Xerr: [+0.0000  -0.0000  +0.0000  -0.0718  +0.0000  -0.0001]  |Xerr|=0.0718
   48   0.480  [+0.4876 +0.0000 +0.5199]  [+0.4915 +0.0000 +0.5920]    0.0722    0.000   0.0722       0       0  *** HIGH ERROR
  step 48  T_actual:
    [  -0.0569    0.0000    0.9984    0.4876 ]
    [   0.0000    1.0000    0.0000    0.0000 ]
    [  -0.9984    0.0000   -0.0569    0.5199 ]
    [   0.0000    0.0000    0.0000    1.0000 ]
  step 48  T_ref:
    [  -0.0569    0.0000    0.9984    0.4915 ]
    [   0.0000    1.0000    0.0000    0.0000 ]
    [  -0.9984    0.0000   -0.0569    0.5920 ]
    [   0.0000    0.0000    0.0000    1.0000 ]
  step 48  Xerr: [+0.0000  +0.0000  +0.0000  -0.0722  +0.0000  -0.0002]  |Xerr|=0.0722
   49   0.490  [+0.4925 +0.0000 +0.5192]  [+0.4971 +0.0000 +0.5925]    0.0735    0.000   0.0735       0       0  *** HIGH ERROR
  step 49  T_actual:
    [  -0.0689    0.0000    0.9976    0.4925 ]
    [   0.0000    1.0000    0.0000    0.0000 ]
    [  -0.9976    0.0000   -0.0689    0.5192 ]
    [   0.0000    0.0000    0.0000    1.0000 ]
  step 49  T_ref:
    [  -0.0689    0.0000    0.9976    0.4971 ]
    [   0.0000    1.0000    0.0000    0.0000 ]
    [  -0.9976    0.0000   -0.0689    0.5925 ]
    [   0.0000    0.0000    0.0000    1.0000 ]
  step 49  Xerr: [+0.0000  -0.0000  +0.0000  -0.0735  +0.0000  -0.0005]  |Xerr|=0.0735
   50   0.500  [+0.4975 +0.0000 +0.5164]  [+0.5029 +0.0000 +0.5929]    0.0767    0.000   0.0767       0       0  *** HIGH ERROR
  step 50  T_actual:
    [  -0.0811    0.0000    0.9967    0.4975 ]
    [   0.0000    1.0000    0.0000    0.0000 ]
    [  -0.9967    0.0000   -0.0811    0.5164 ]
    [   0.0000    0.0000    0.0000    1.0000 ]
  step 50  T_ref:
    [  -0.0811    0.0000    0.9967    0.5029 ]
    [   0.0000    1.0000    0.0000    0.0000 ]
    [  -0.9967    0.0000   -0.0811    0.5929 ]
    [   0.0000    0.0000    0.0000    1.0000 ]
  step 50  Xerr: [+0.0000  +0.0000  +0.0000  -0.0767  +0.0000  -0.0009]  |Xerr|=0.0767
   51   0.510  [+0.5025 +0.0000 +0.5155]  [+0.5088 +0.0000 +0.5933]    0.0781    0.000   0.0781       0       0  *** HIGH ERROR
  step 51  T_actual:
    [  -0.0937    0.0000    0.9956    0.5025 ]
    [   0.0000    1.0000    0.0000    0.0000 ]
    [  -0.9956    0.0000   -0.0937    0.5155 ]
    [   0.0000    0.0000    0.0000    1.0000 ]
  step 51  T_ref:
    [  -0.0937    0.0000    0.9956    0.5088 ]
    [   0.0000    1.0000    0.0000    0.0000 ]
    [  -0.9956    0.0000   -0.0937    0.5933 ]
    [   0.0000    0.0000    0.0000    1.0000 ]
  step 51  Xerr: [+0.0000  +0.0000  +0.0000  -0.0780  +0.0000  -0.0010]  |Xerr|=0.0781
   52   0.520  [+0.5075 +0.0000 +0.5128]  [+0.5149 +0.0000 +0.5936]    0.0811    0.039   0.0811       0       0  *** HIGH ERROR
  step 52  T_actual:
    [  -0.1058    0.0000    0.9944    0.5075 ]
    [   0.0000    1.0000    0.0000    0.0000 ]
    [  -0.9944    0.0000   -0.1058    0.5128 ]
    [   0.0000    0.0000    0.0000    1.0000 ]
  step 52  T_ref:
    [  -0.1065    0.0000    0.9943    0.5149 ]
    [   0.0000    1.0000    0.0000    0.0000 ]
    [  -0.9943    0.0000   -0.1065    0.5936 ]
    [   0.0000    0.0000    0.0000    1.0000 ]
  step 52  Xerr: [+0.0000  +0.0007  +0.0000  -0.0811  +0.0000  -0.0013]  |Xerr|=0.0811
   53   0.530  [+0.5126 +0.0000 +0.5100]  [+0.5211 +0.0000 +0.5938]    0.0842    0.078   0.0842       0       0  *** HIGH ERROR
  step 53  T_actual:
    [  -0.1182    0.0000    0.9930    0.5126 ]
    [   0.0000    1.0000    0.0000    0.0000 ]
    [  -0.9930    0.0000   -0.1182    0.5100 ]
    [   0.0000    0.0000    0.0000    1.0000 ]
  step 53  T_ref:
    [  -0.1196    0.0000    0.9928    0.5211 ]
    [   0.0000    1.0000    0.0000    0.0000 ]
    [  -0.9928    0.0000   -0.1196    0.5938 ]
    [   0.0000    0.0000    0.0000    1.0000 ]
  step 53  Xerr: [+0.0000  +0.0014  +0.0000  -0.0842  +0.0000  -0.0016]  |Xerr|=0.0842
   54   0.540  [+0.5178 +0.0000 +0.5072]  [+0.5274 +0.0000 +0.5939]    0.0873    0.118   0.0873       0       0  *** HIGH ERROR
  step 54  T_actual:
    [  -0.1309    0.0000    0.9914    0.5178 ]
    [   0.0000    1.0000    0.0000    0.0000 ]
    [  -0.9914    0.0000   -0.1309    0.5072 ]
    [   0.0000    0.0000    0.0000    1.0000 ]
  step 54  T_ref:
    [  -0.1329    0.0000    0.9911    0.5274 ]
    [   0.0000    1.0000    0.0000    0.0000 ]
    [  -0.9911    0.0000   -0.1329    0.5939 ]
    [   0.0000    0.0000    0.0000    1.0000 ]
  step 54  Xerr: [+0.0000  +0.0021  +0.0000  -0.0872  +0.0000  -0.0020]  |Xerr|=0.0873
   55   0.550  [+0.5231 +0.0000 +0.5043]  [+0.5338 +0.0000 +0.5940]    0.0903    0.158   0.0904       0       0  *** HIGH ERROR
  step 55  T_actual:
    [  -0.1438    0.0000    0.9896    0.5231 ]
    [   0.0000    1.0000    0.0000    0.0000 ]
    [  -0.9896    0.0000   -0.1438    0.5043 ]
    [   0.0000    0.0000    0.0000    1.0000 ]
  step 55  T_ref:
    [  -0.1465    0.0000    0.9892    0.5338 ]
    [   0.0000    1.0000    0.0000    0.0000 ]
    [  -0.9892    0.0000   -0.1465    0.5940 ]
    [   0.0000    0.0000    0.0000    1.0000 ]
  step 55  Xerr: [+0.0000  +0.0028  +0.0000  -0.0903  +0.0000  -0.0024]  |Xerr|=0.0904
   56   0.560  [+0.5284 +0.0000 +0.5013]  [+0.5404 +0.0000 +0.5939]    0.0934    0.198   0.0935       0       0  *** HIGH ERROR
  step 56  T_actual:
    [  -0.1569    0.0000    0.9876    0.5284 ]
    [   0.0000    1.0000    0.0000    0.0000 ]
    [  -0.9876    0.0000   -0.1569    0.5013 ]
    [   0.0000    0.0000    0.0000    1.0000 ]
  step 56  T_ref:
    [  -0.1603    0.0000    0.9871    0.5404 ]
    [   0.0000    1.0000    0.0000    0.0000 ]
    [  -0.9871    0.0000   -0.1603    0.5939 ]
    [   0.0000    0.0000    0.0000    1.0000 ]
  step 56  Xerr: [+0.0000  +0.0035  +0.0000  -0.0934  +0.0000  -0.0028]  |Xerr|=0.0935
   57   0.570  [+0.5338 +0.0000 +0.4982]  [+0.5471 +0.0000 +0.5938]    0.0965    0.239   0.0966       0       0  *** HIGH ERROR
  step 57  T_actual:
    [  -0.1703    0.0000    0.9854    0.5338 ]
    [   0.0000    1.0000    0.0000    0.0000 ]
    [  -0.9854    0.0000   -0.1703    0.4982 ]
    [   0.0000    0.0000    0.0000    1.0000 ]
  step 57  T_ref:
    [  -0.1744    0.0000    0.9847    0.5471 ]
    [   0.0000    1.0000    0.0000    0.0000 ]
    [  -0.9847    0.0000   -0.1744    0.5938 ]
    [   0.0000    0.0000    0.0000    1.0000 ]
  step 57  Xerr: [+0.0000  +0.0042  +0.0000  -0.0965  +0.0000  -0.0033]  |Xerr|=0.0966
   58   0.580  [+0.5392 +0.0000 +0.4951]  [+0.5540 +0.0000 +0.5936]    0.0996    0.280   0.0997       0       0  *** HIGH ERROR
  step 58  T_actual:
    [  -0.1839    0.0000    0.9829    0.5392 ]
    [   0.0000    1.0000    0.0000    0.0000 ]
    [  -0.9829    0.0000   -0.1839    0.4951 ]
    [   0.0000    0.0000    0.0000    1.0000 ]
  step 58  T_ref:
    [  -0.1887    0.0000    0.9820    0.5540 ]
    [   0.0000    1.0000    0.0000    0.0000 ]
    [  -0.9820    0.0000   -0.1887    0.5936 ]
    [   0.0000    0.0000    0.0000    1.0000 ]
  step 58  Xerr: [+0.0000  +0.0049  +0.0000  -0.0995  +0.0000  -0.0038]  |Xerr|=0.0997
   59   0.590  [+0.5447 +0.0000 +0.4918]  [+0.5609 +0.0000 +0.5932]    0.1027    0.321   0.1028       0       0  *** HIGH ERROR
  step 59  T_actual:
    [  -0.1977    0.0000    0.9803    0.5447 ]
    [   0.0000    1.0000    0.0000    0.0000 ]
    [  -0.9803    0.0000   -0.1977    0.4918 ]
    [   0.0000    0.0000    0.0000    1.0000 ]
  step 59  T_ref:
    [  -0.2032    0.0000    0.9791    0.5609 ]
    [   0.0000    1.0000    0.0000    0.0000 ]
    [  -0.9791    0.0000   -0.2032    0.5932 ]
    [   0.0000    0.0000    0.0000    1.0000 ]
  step 59  Xerr: [+0.0000  +0.0056  +0.0000  -0.1026  +0.0000  -0.0044]  |Xerr|=0.1028
   60   0.600  [+0.5502 +0.0000 +0.4885]  [+0.5680 +0.0000 +0.5928]    0.1058    0.363   0.1059       0       0  *** HIGH ERROR
  step 60  T_actual:
    [  -0.2117    0.0000    0.9773    0.5502 ]
    [   0.0000    1.0000    0.0000    0.0000 ]
    [  -0.9773    0.0000   -0.2117    0.4885 ]
    [   0.0000    0.0000    0.0000    1.0000 ]
  step 60  T_ref:
    [  -0.2179    0.0000    0.9760    0.5680 ]
    [   0.0000    1.0000    0.0000    0.0000 ]
    [  -0.9760    0.0000   -0.2179    0.5928 ]
    [   0.0000    0.0000    0.0000    1.0000 ]
  step 60  Xerr: [+0.0000  +0.0063  +0.0000  -0.1056  +0.0000  -0.0050]  |Xerr|=0.1059
   61   0.610  [+0.5557 +0.0000 +0.4852]  [+0.5752 +0.0000 +0.5922]    0.1088    0.404   0.1090       0       0  *** HIGH ERROR
  step 61  T_actual:
    [  -0.2259    0.0000    0.9742    0.5557 ]
    [   0.0000    1.0000    0.0000    0.0000 ]
    [  -0.9742    0.0000   -0.2259    0.4852 ]
    [   0.0000    0.0000    0.0000    1.0000 ]
  step 61  T_ref:
    [  -0.2328    0.0000    0.9725    0.5752 ]
    [   0.0000    1.0000    0.0000    0.0000 ]
    [  -0.9725    0.0000   -0.2328    0.5922 ]
    [   0.0000    0.0000    0.0000    1.0000 ]
  step 61  Xerr: [+0.0000  +0.0071  +0.0000  -0.1087  +0.0000  -0.0056]  |Xerr|=0.1090
   62   0.620  [+0.5613 +0.0000 +0.4817]  [+0.5824 +0.0000 +0.5915]    0.1118    0.445   0.1121       0       0  *** HIGH ERROR
  step 62  T_actual:
    [  -0.2403    0.0000    0.9707    0.5613 ]
    [   0.0000    1.0000    0.0000    0.0000 ]
    [  -0.9707    0.0000   -0.2403    0.4817 ]
    [   0.0000    0.0000    0.0000    1.0000 ]
  step 62  T_ref:
    [  -0.2478    0.0000    0.9688    0.5824 ]
    [   0.0000    1.0000    0.0000    0.0000 ]
    [  -0.9688    0.0000   -0.2478    0.5915 ]
    [   0.0000    0.0000    0.0000    1.0000 ]
  step 62  Xerr: [+0.0000  +0.0078  +0.0000  -0.1116  +0.0000  -0.0063]  |Xerr|=0.1121
   63   0.630  [+0.5668 +0.0000 +0.4790]  [+0.5898 +0.0000 +0.5907]    0.1141    0.445   0.1144       0       0  *** HIGH ERROR
  step 63  T_actual:
    [  -0.2555    0.0000    0.9668    0.5668 ]
    [   0.0000    1.0000    0.0000    0.0000 ]
    [  -0.9668    0.0000   -0.2555    0.4790 ]
    [   0.0000    0.0000    0.0000    1.0000 ]
  step 63  T_ref:
    [  -0.2630    0.0000    0.9648    0.5898 ]
    [   0.0000    1.0000    0.0000    0.0000 ]
    [  -0.9648    0.0000   -0.2630    0.5907 ]
    [   0.0000    0.0000    0.0000    1.0000 ]
  step 63  Xerr: [+0.0000  +0.0078  +0.0000  -0.1139  +0.0000  -0.0067]  |Xerr|=0.1144
   64   0.640  [+0.5715 +0.0000 +0.4686]  [+0.5972 +0.0000 +0.5898]    0.1239    0.445   0.1241       0       0  *** HIGH ERROR
  step 64  T_actual:
    [  -0.2709    0.0000    0.9626    0.5715 ]
    [   0.0000    1.0000    0.0000    0.0000 ]
    [  -0.9626    0.0000   -0.2709    0.4686 ]
    [   0.0000    0.0000    0.0000    1.0000 ]
  step 64  T_ref:
    [  -0.2784    0.0000    0.9605    0.5972 ]
    [   0.0000    1.0000    0.0000    0.0000 ]
    [  -0.9605    0.0000   -0.2784    0.5898 ]
    [   0.0000    0.0000    0.0000    1.0000 ]
  step 64  Xerr: [+0.0000  +0.0078  +0.0000  -0.1236  +0.0000  -0.0085]  |Xerr|=0.1241
   65   0.650  [+0.5771 +0.0000 +0.4676]  [+0.6048 +0.0000 +0.5887]    0.1243    0.445   0.1245       0       0  *** HIGH ERROR
  step 65  T_actual:
    [  -0.2864    0.0000    0.9581    0.5771 ]
    [   0.0000    1.0000    0.0000    0.0000 ]
    [  -0.9581    0.0000   -0.2864    0.4676 ]
    [   0.0000    0.0000    0.0000    1.0000 ]
  step 65  T_ref:
    [  -0.2939    0.0000    0.9558    0.6048 ]
    [   0.0000    1.0000    0.0000    0.0000 ]
    [  -0.9558    0.0000   -0.2939    0.5887 ]
    [   0.0000    0.0000    0.0000    1.0000 ]
  step 65  Xerr: [+0.0000  +0.0078  +0.0000  -0.1240  +0.0000  -0.0086]  |Xerr|=0.1245
   66   0.660  [+0.5826 +0.0000 +0.4662]  [+0.6124 +0.0000 +0.5875]    0.1249    0.445   0.1252       0       0  *** HIGH ERROR
  step 66  T_actual:
    [  -0.3021    0.0000    0.9533    0.5826 ]
    [   0.0000    1.0000    0.0000    0.0000 ]
    [  -0.9533    0.0000   -0.3021    0.4662 ]
    [   0.0000    0.0000    0.0000    1.0000 ]
  step 66  T_ref:
    [  -0.3095    0.0000    0.9509    0.6124 ]
    [   0.0000    1.0000    0.0000    0.0000 ]
    [  -0.9509    0.0000   -0.3095    0.5875 ]
    [   0.0000    0.0000    0.0000    1.0000 ]
  step 66  Xerr: [+0.0000  +0.0078  +0.0000  -0.1246  +0.0000  -0.0088]  |Xerr|=0.1252
   67   0.670  [+0.5881 +0.0000 +0.4638]  [+0.6201 +0.0000 +0.5862]    0.1265    0.445   0.1267       0       0  *** HIGH ERROR
  step 67  T_actual:
    [  -0.3179    0.0000    0.9481    0.5881 ]
    [   0.0000    1.0000    0.0000    0.0000 ]
    [  -0.9481    0.0000   -0.3179    0.4638 ]
    [   0.0000    0.0000    0.0000    1.0000 ]
  step 67  T_ref:
    [  -0.3252    0.0000    0.9456    0.6201 ]
    [   0.0000    1.0000    0.0000    0.0000 ]
    [  -0.9456    0.0000   -0.3252    0.5862 ]
    [   0.0000    0.0000    0.0000    1.0000 ]
  step 67  Xerr: [+0.0000  +0.0078  +0.0000  -0.1261  +0.0000  -0.0091]  |Xerr|=0.1267
   68   0.680  [+0.5936 +0.0000 +0.4615]  [+0.6278 +0.0000 +0.5847]    0.1278    0.445   0.1281       0       0  *** HIGH ERROR
  step 68  T_actual:
    [  -0.3337    0.0000    0.9427    0.5936 ]
    [   0.0000    1.0000    0.0000    0.0000 ]
    [  -0.9427    0.0000   -0.3337    0.4615 ]
    [   0.0000    0.0000    0.0000    1.0000 ]
  step 68  T_ref:
    [  -0.3410    0.0000    0.9401    0.6278 ]
    [   0.0000    1.0000    0.0000    0.0000 ]
    [  -0.9401    0.0000   -0.3410    0.5847 ]
    [   0.0000    0.0000    0.0000    1.0000 ]
  step 68  Xerr: [+0.0000  +0.0078  +0.0000  -0.1275  +0.0000  -0.0094]  |Xerr|=0.1281
   69   0.690  [+0.5994 +0.0000 +0.4615]  [+0.6356 +0.0000 +0.5830]    0.1268    1.416   0.1292       0       0  *** HIGH ERROR
  step 69  T_actual:
    [  -0.3337    0.0000    0.9427    0.5994 ]
    [   0.0000    1.0000    0.0000    0.0000 ]
    [  -0.9427    0.0000   -0.3337    0.4615 ]
    [   0.0000    0.0000    0.0000    1.0000 ]
  step 69  T_ref:
    [  -0.3569    0.0000    0.9341    0.6356 ]
    [   0.0000    1.0000    0.0000    0.0000 ]
    [  -0.9341    0.0000   -0.3569    0.5830 ]
    [   0.0000    0.0000    0.0000    1.0000 ]
